
################################################################################
# Gelman-Rubin Diagnostic
################################################################################

Generally the Gelman diagnostic should be < 1.05


Out of 867 variables: 787 > 1.01

                      
622 > 1.05

                      
387 > 1.1


The worst variables are:

             Point est. Upper C.I.
p.fac1[30,6]  20.341776   98.60013
p.fac1[53,7]   9.636286   18.44570
p.fac1[1,6]    9.462828   48.03452
p.fac1[39,6]   9.151917   42.40961
p.fac1[36,7]   9.111849   17.58839
p.fac1[6,6]    8.838992   40.89339
p.fac1[18,7]   8.640718   16.72375
p.fac1[8,7]    8.638298   20.16078
p.fac1[38,7]   8.019162   15.58960
p.fac1[10,7]   7.461266   14.91587


And here are the Gelman diagnostics for all variables:

               Point est. Upper C.I.
deviance         1.048428   1.145399
fac1.sig         2.128515   5.096703
ilr.fac1[1,1]    1.212464   1.699152
ilr.fac1[2,1]    1.113289   1.125713
ilr.fac1[3,1]    1.108042   1.177995
ilr.fac1[4,1]    1.127966   1.383088
ilr.fac1[5,1]    1.096846   1.221654
ilr.fac1[6,1]    1.167537   1.539908
ilr.fac1[7,1]    1.102073   1.143165
ilr.fac1[8,1]    1.056059   1.152117
ilr.fac1[9,1]    1.092649   1.229616
ilr.fac1[10,1]   1.108013   1.299233
ilr.fac1[11,1]   1.286224   1.834401
ilr.fac1[12,1]   1.095402   1.276627
ilr.fac1[13,1]   1.093235   1.197977
ilr.fac1[14,1]   1.146812   1.419534
ilr.fac1[15,1]   1.089564   1.239711
ilr.fac1[16,1]   1.297843   2.069992
ilr.fac1[17,1]   1.121697   1.236892
ilr.fac1[18,1]   1.092045   1.212523
ilr.fac1[19,1]   1.147072   1.441840
ilr.fac1[20,1]   1.201896   1.641865
ilr.fac1[21,1]   1.039304   1.071287
ilr.fac1[22,1]   1.057568   1.066975
ilr.fac1[23,1]   1.058155   1.172023
ilr.fac1[24,1]   1.127884   1.350324
ilr.fac1[25,1]   1.129622   1.304786
ilr.fac1[26,1]   1.070985   1.135781
ilr.fac1[27,1]   1.077713   1.164660
ilr.fac1[28,1]   1.099212   1.219919
ilr.fac1[29,1]   1.088667   1.110642
ilr.fac1[30,1]   1.174913   1.556801
ilr.fac1[31,1]   1.096154   1.264625
ilr.fac1[32,1]   1.084929   1.121448
ilr.fac1[33,1]   1.095144   1.180883
ilr.fac1[34,1]   1.050083   1.064621
ilr.fac1[35,1]   1.079714   1.134205
ilr.fac1[36,1]   1.064637   1.128638
ilr.fac1[37,1]   1.115729   1.181711
ilr.fac1[38,1]   1.055081   1.118492
ilr.fac1[39,1]   1.127611   1.300308
ilr.fac1[40,1]   1.090130   1.133759
ilr.fac1[41,1]   1.095292   1.248756
ilr.fac1[42,1]   1.124741   1.184149
ilr.fac1[43,1]   1.167481   1.399814
ilr.fac1[44,1]   1.083879   1.170511
ilr.fac1[45,1]   1.112162   1.139170
ilr.fac1[46,1]   1.111608   1.311254
ilr.fac1[47,1]   1.245581   1.820697
ilr.fac1[48,1]   1.111101   1.158418
ilr.fac1[49,1]   1.149908   1.396514
ilr.fac1[50,1]   1.140509   1.389425
ilr.fac1[51,1]   1.142343   1.442987
ilr.fac1[52,1]   1.051197   1.056431
ilr.fac1[53,1]   1.069072   1.164798
ilr.fac1[54,1]   1.153287   1.439099
ilr.fac1[1,2]    1.081952   1.113856
ilr.fac1[2,2]    1.079258   1.125127
ilr.fac1[3,2]    1.085029   1.164455
ilr.fac1[4,2]    1.076799   1.140111
ilr.fac1[5,2]    1.056362   1.056949
ilr.fac1[6,2]    1.097944   1.157268
ilr.fac1[7,2]    1.077025   1.107943
ilr.fac1[8,2]    1.062112   1.079270
ilr.fac1[9,2]    1.089644   1.091122
ilr.fac1[10,2]   1.042508   1.054520
ilr.fac1[11,2]   1.153065   1.446232
ilr.fac1[12,2]   1.076294   1.172879
ilr.fac1[13,2]   1.061501   1.084846
ilr.fac1[14,2]   1.092838   1.234823
ilr.fac1[15,2]   1.068199   1.164189
ilr.fac1[16,2]   1.074237   1.093294
ilr.fac1[17,2]   1.071680   1.075248
ilr.fac1[18,2]   1.046942   1.050131
ilr.fac1[19,2]   1.090009   1.225722
ilr.fac1[20,2]   1.075810   1.092859
ilr.fac1[21,2]   1.058308   1.064454
ilr.fac1[22,2]   1.074895   1.090008
ilr.fac1[23,2]   1.066443   1.108989
ilr.fac1[24,2]   1.046445   1.066752
ilr.fac1[25,2]   1.114017   1.225134
ilr.fac1[26,2]   1.451755   2.211837
ilr.fac1[27,2]   1.084497   1.096321
ilr.fac1[28,2]   1.152061   1.436564
ilr.fac1[29,2]   1.080800   1.120135
ilr.fac1[30,2]   1.089545   1.216682
ilr.fac1[31,2]   1.047214   1.049449
ilr.fac1[32,2]   1.154852   1.466644
ilr.fac1[33,2]   1.075921   1.084706
ilr.fac1[34,2]   1.084927   1.127588
ilr.fac1[35,2]   1.107076   1.111810
ilr.fac1[36,2]   1.065327   1.075167
ilr.fac1[37,2]   1.056609   1.072310
ilr.fac1[38,2]   1.057417   1.057633
ilr.fac1[39,2]   1.081454   1.115650
ilr.fac1[40,2]   1.080778   1.168588
ilr.fac1[41,2]   1.064682   1.083153
ilr.fac1[42,2]   1.066329   1.084492
ilr.fac1[43,2]   1.055069   1.140681
ilr.fac1[44,2]   1.058681   1.090903
ilr.fac1[45,2]   1.073675   1.078339
ilr.fac1[46,2]   1.035987   1.050646
ilr.fac1[47,2]   1.076973   1.134847
ilr.fac1[48,2]   1.062947   1.082600
ilr.fac1[49,2]   1.063223   1.077367
ilr.fac1[50,2]   1.060066   1.111794
ilr.fac1[51,2]   1.105404   1.184186
ilr.fac1[52,2]   1.216607   1.645880
ilr.fac1[53,2]   1.045017   1.064512
ilr.fac1[54,2]   1.067603   1.073646
ilr.fac1[1,3]    1.105119   1.299065
ilr.fac1[2,3]    1.078394   1.150408
ilr.fac1[3,3]    1.060464   1.069989
ilr.fac1[4,3]    1.058499   1.105851
ilr.fac1[5,3]    1.202387   1.633211
ilr.fac1[6,3]    1.071546   1.180305
ilr.fac1[7,3]    1.086416   1.212093
ilr.fac1[8,3]    1.061361   1.072350
ilr.fac1[9,3]    1.070963   1.172455
ilr.fac1[10,3]   1.055210   1.061798
ilr.fac1[11,3]   1.119797   1.352720
ilr.fac1[12,3]   1.106912   1.221642
ilr.fac1[13,3]   1.073014   1.080908
ilr.fac1[14,3]   1.109060   1.256690
ilr.fac1[15,3]   1.066287   1.075364
ilr.fac1[16,3]   1.083259   1.189279
ilr.fac1[17,3]   1.082614   1.175647
ilr.fac1[18,3]   1.064463   1.087106
ilr.fac1[19,3]   1.095644   1.277514
ilr.fac1[20,3]   1.053008   1.090821
ilr.fac1[21,3]   1.298729   1.868137
ilr.fac1[22,3]   1.312188   2.068464
ilr.fac1[23,3]   1.329485   1.997050
ilr.fac1[24,3]   1.120972   1.346460
ilr.fac1[25,3]   1.081975   1.144499
ilr.fac1[26,3]   1.141561   1.400463
ilr.fac1[27,3]   1.094819   1.239166
ilr.fac1[28,3]   1.147582   1.423494
ilr.fac1[29,3]   1.067935   1.082974
ilr.fac1[30,3]   1.131594   1.396338
ilr.fac1[31,3]   1.051846   1.072208
ilr.fac1[32,3]   1.110384   1.290734
ilr.fac1[33,3]   1.093210   1.093393
ilr.fac1[34,3]   1.048419   1.074110
ilr.fac1[35,3]   1.055270   1.109154
ilr.fac1[36,3]   1.065152   1.095283
ilr.fac1[37,3]   1.079163   1.165711
ilr.fac1[38,3]   1.054428   1.085864
ilr.fac1[39,3]   1.074081   1.149091
ilr.fac1[40,3]   1.146748   1.370576
ilr.fac1[41,3]   1.055212   1.069202
ilr.fac1[42,3]   1.054684   1.058762
ilr.fac1[43,3]   1.091326   1.248136
ilr.fac1[44,3]   1.123202   1.279168
ilr.fac1[45,3]   1.075598   1.084789
ilr.fac1[46,3]   1.062935   1.076690
ilr.fac1[47,3]   1.097040   1.255273
ilr.fac1[48,3]   1.116379   1.128879
ilr.fac1[49,3]   1.109320   1.156002
ilr.fac1[50,3]   1.046025   1.056843
ilr.fac1[51,3]   1.078653   1.131580
ilr.fac1[52,3]   1.105489   1.242023
ilr.fac1[53,3]   1.068117   1.071213
ilr.fac1[54,3]   1.065610   1.167869
ilr.fac1[1,4]    1.059749   1.102861
ilr.fac1[2,4]    1.068300   1.126144
ilr.fac1[3,4]    1.056065   1.085975
ilr.fac1[4,4]    1.064741   1.091385
ilr.fac1[5,4]    1.090149   1.144031
ilr.fac1[6,4]    1.064358   1.132822
ilr.fac1[7,4]    1.050908   1.053018
ilr.fac1[8,4]    1.082156   1.103850
ilr.fac1[9,4]    1.093117   1.242096
ilr.fac1[10,4]   1.742665   3.255284
ilr.fac1[11,4]   1.128772   1.351116
ilr.fac1[12,4]   1.080315   1.094193
ilr.fac1[13,4]   1.067674   1.072113
ilr.fac1[14,4]   1.041337   1.071619
ilr.fac1[15,4]   1.080773   1.169424
ilr.fac1[16,4]   1.047297   1.050384
ilr.fac1[17,4]   1.056297   1.105916
ilr.fac1[18,4]   1.072098   1.077317
ilr.fac1[19,4]   1.049336   1.062944
ilr.fac1[20,4]   1.053785   1.059510
ilr.fac1[21,4]   1.048108   1.052292
ilr.fac1[22,4]   1.052243   1.088476
ilr.fac1[23,4]   1.071492   1.087636
ilr.fac1[24,4]   1.104767   1.244947
ilr.fac1[25,4]   1.083271   1.135656
ilr.fac1[26,4]   1.145896   1.426925
ilr.fac1[27,4]   1.111359   1.216424
ilr.fac1[28,4]   1.214995   1.652344
ilr.fac1[29,4]   1.077235   1.120287
ilr.fac1[30,4]   1.073176   1.134974
ilr.fac1[31,4]   1.054901   1.060496
ilr.fac1[32,4]   1.058071   1.072085
ilr.fac1[33,4]   1.060529   1.073753
ilr.fac1[34,4]   1.049989   1.067794
ilr.fac1[35,4]   1.087205   1.198672
ilr.fac1[36,4]   1.080679   1.102922
ilr.fac1[37,4]   1.060900   1.071369
ilr.fac1[38,4]   1.048141   1.049765
ilr.fac1[39,4]   1.065505   1.072371
ilr.fac1[40,4]   1.057629   1.098810
ilr.fac1[41,4]   1.058815   1.067016
ilr.fac1[42,4]   1.071370   1.075593
ilr.fac1[43,4]   1.110800   1.222241
ilr.fac1[44,4]   1.096560   1.154090
ilr.fac1[45,4]   1.176352   1.466391
ilr.fac1[46,4]   1.659814   2.769567
ilr.fac1[47,4]   1.055018   1.059613
ilr.fac1[48,4]   1.061960   1.069597
ilr.fac1[49,4]   1.045516   1.055278
ilr.fac1[50,4]   1.068503   1.088974
ilr.fac1[51,4]   1.070005   1.104279
ilr.fac1[52,4]   1.117574   1.270424
ilr.fac1[53,4]   1.116091   1.240832
ilr.fac1[54,4]   1.060206   1.112848
ilr.fac1[1,5]    2.709564   5.272265
ilr.fac1[2,5]    1.430147   2.264830
ilr.fac1[3,5]    1.188958   1.567616
ilr.fac1[4,5]    1.852727   3.204940
ilr.fac1[5,5]    1.059087   1.059361
ilr.fac1[6,5]    2.402198   4.569490
ilr.fac1[7,5]    2.448148   4.625079
ilr.fac1[8,5]    2.012745   4.762733
ilr.fac1[9,5]    1.241812   1.683893
ilr.fac1[10,5]   2.768430   7.314415
ilr.fac1[11,5]   1.192383   1.579701
ilr.fac1[12,5]   1.441807   2.200146
ilr.fac1[13,5]   1.353227   2.064443
ilr.fac1[14,5]   1.348290   2.108208
ilr.fac1[15,5]   1.209143   1.609171
ilr.fac1[16,5]   1.105242   1.159410
ilr.fac1[17,5]   1.950616   3.538515
ilr.fac1[18,5]   1.993374   4.827692
ilr.fac1[19,5]   1.137057   1.385337
ilr.fac1[20,5]   1.502582   2.559224
ilr.fac1[21,5]   1.672117   2.796525
ilr.fac1[22,5]   1.418675   2.227203
ilr.fac1[23,5]   2.134420   4.340725
ilr.fac1[24,5]   1.145900   1.420844
ilr.fac1[25,5]   1.967109   3.465467
ilr.fac1[26,5]   1.254664   1.733811
ilr.fac1[27,5]   1.524544   2.575773
ilr.fac1[28,5]   1.173299   1.514883
ilr.fac1[29,5]   1.167897   1.392438
ilr.fac1[30,5]   3.054840   5.861681
ilr.fac1[31,5]   1.383832   2.369943
ilr.fac1[32,5]   1.230722   1.660996
ilr.fac1[33,5]   1.157992   1.449548
ilr.fac1[34,5]   1.370211   2.282653
ilr.fac1[35,5]   1.354357   2.095180
ilr.fac1[36,5]   2.023135   4.776451
ilr.fac1[37,5]   2.166570   3.963251
ilr.fac1[38,5]   1.959042   4.135989
ilr.fac1[39,5]   2.650296   5.051385
ilr.fac1[40,5]   1.273990   1.854368
ilr.fac1[41,5]   1.483236   2.918470
ilr.fac1[42,5]   1.426571   2.316823
ilr.fac1[43,5]   1.053429   1.053574
ilr.fac1[44,5]   1.076885   1.169506
ilr.fac1[45,5]   1.247094   1.758765
ilr.fac1[46,5]   2.414101   6.002282
ilr.fac1[47,5]   1.091182   1.152229
ilr.fac1[48,5]   1.166295   1.480999
ilr.fac1[49,5]   1.056844   1.081877
ilr.fac1[50,5]   1.813926   3.019348
ilr.fac1[51,5]   2.253197   4.081484
ilr.fac1[52,5]   1.041571   1.054602
ilr.fac1[53,5]   2.180732   4.985182
ilr.fac1[54,5]   2.217213   3.994811
ilr.fac1[1,6]    1.619841   2.597541
ilr.fac1[2,6]    1.150835   1.444279
ilr.fac1[3,6]    1.054841   1.126381
ilr.fac1[4,6]    1.146430   1.462822
ilr.fac1[5,6]    1.086695   1.241809
ilr.fac1[6,6]    1.573498   2.426381
ilr.fac1[7,6]    1.504480   2.317965
ilr.fac1[8,6]    2.994888   5.576878
ilr.fac1[9,6]    1.047571   1.148458
ilr.fac1[10,6]   2.643176   4.678214
ilr.fac1[11,6]   1.090350   1.279664
ilr.fac1[12,6]   1.214580   1.633272
ilr.fac1[13,6]   1.226741   1.655046
ilr.fac1[14,6]   1.048132   1.101051
ilr.fac1[15,6]   1.091687   1.280092
ilr.fac1[16,6]   1.092715   1.243435
ilr.fac1[17,6]   1.270068   1.752244
ilr.fac1[18,6]   2.746679   4.987829
ilr.fac1[19,6]   1.312577   1.837233
ilr.fac1[20,6]   1.313684   1.865060
ilr.fac1[21,6]   1.181700   1.562158
ilr.fac1[22,6]   1.118467   1.318781
ilr.fac1[23,6]   1.665701   2.729000
ilr.fac1[24,6]   1.156989   1.455492
ilr.fac1[25,6]   1.608834   2.619696
ilr.fac1[26,6]   1.070306   1.228536
ilr.fac1[27,6]   1.123126   1.361610
ilr.fac1[28,6]   1.038614   1.114454
ilr.fac1[29,6]   1.382755   2.109711
ilr.fac1[30,6]   1.764419   2.997187
ilr.fac1[31,6]   2.061571   3.482684
ilr.fac1[32,6]   1.411608   2.065073
ilr.fac1[33,6]   1.098099   1.227501
ilr.fac1[34,6]   1.783100   2.880526
ilr.fac1[35,6]   1.229274   1.661825
ilr.fac1[36,6]   2.827027   5.212909
ilr.fac1[37,6]   1.372218   2.017825
ilr.fac1[38,6]   2.651866   4.798292
ilr.fac1[39,6]   1.561350   2.472567
ilr.fac1[40,6]   1.082872   1.206475
ilr.fac1[41,6]   1.862467   3.215394
ilr.fac1[42,6]   1.251927   1.723854
ilr.fac1[43,6]   1.126050   1.367686
ilr.fac1[44,6]   1.049296   1.086280
ilr.fac1[45,6]   1.045058   1.127317
ilr.fac1[46,6]   2.365148   4.171682
ilr.fac1[47,6]   1.076044   1.196365
ilr.fac1[48,6]   1.070568   1.141737
ilr.fac1[49,6]   1.070674   1.128468
ilr.fac1[50,6]   1.528702   2.429846
ilr.fac1[51,6]   1.431253   2.132458
ilr.fac1[52,6]   1.208608   1.615202
ilr.fac1[53,6]   2.829809   5.146592
ilr.fac1[54,6]   1.539382   2.434802
loglik[1]        1.110226   1.335409
loglik[2]        1.006417   1.023021
loglik[3]        1.031769   1.098929
loglik[4]        1.006255   1.017095
loglik[5]        1.012169   1.040833
loglik[6]        1.058814   1.184031
loglik[7]        1.032663   1.099969
loglik[8]        1.035118   1.110026
loglik[9]        1.042980   1.089807
loglik[10]       1.046739   1.087105
loglik[11]       1.039027   1.125184
loglik[12]       1.089268   1.270023
loglik[13]       1.005447   1.012151
loglik[14]       1.055976   1.176794
loglik[15]       1.012580   1.039983
loglik[16]       1.006329   1.012778
loglik[17]       1.012558   1.017321
loglik[18]       1.048471   1.156567
loglik[19]       1.034720   1.063098
loglik[20]       1.015496   1.032369
loglik[21]       1.026537   1.060409
loglik[22]       1.003414   1.004734
loglik[23]       1.006708   1.010832
loglik[24]       1.002027   1.006484
loglik[25]       1.006981   1.024146
loglik[26]       1.018452   1.056449
loglik[27]       1.017858   1.062722
loglik[28]       1.008240   1.013167
loglik[29]       1.013299   1.033525
loglik[30]       1.074876   1.215475
loglik[31]       1.065729   1.201922
loglik[32]       1.087788   1.262896
loglik[33]       1.017261   1.059978
loglik[34]       1.125812   1.374229
loglik[35]       1.087736   1.230206
loglik[36]       1.032619   1.052268
loglik[37]       1.028762   1.065515
loglik[38]       1.022988   1.078583
loglik[39]       1.007545   1.026022
loglik[40]       1.031808   1.105961
loglik[41]       1.031089   1.097732
loglik[42]       1.010941   1.037942
loglik[43]       1.005367   1.015725
loglik[44]       1.017375   1.062201
loglik[45]       1.017706   1.059850
loglik[46]       1.014993   1.053426
loglik[47]       1.005253   1.014818
loglik[48]       1.002896   1.010641
loglik[49]       1.000728   1.002483
loglik[50]       1.001457   1.003672
loglik[51]       1.001960   1.009570
loglik[52]       1.085565   1.270298
loglik[53]       1.021848   1.069118
loglik[54]       1.000500   1.004343
loglik[55]       1.009491   1.011473
loglik[56]       1.002159   1.006666
loglik[57]       1.006373   1.007240
loglik[58]       1.002540   1.004436
loglik[59]       1.003708   1.014990
loglik[60]       1.108109   1.320652
loglik[61]       1.040953   1.116380
loglik[62]       1.052872   1.152682
loglik[63]       1.060594   1.142462
loglik[64]       1.069583   1.143932
loglik[65]       1.002610   1.011185
loglik[66]       1.003336   1.011455
loglik[67]       1.000223   1.002123
loglik[68]       1.008061   1.021544
loglik[69]       1.004758   1.013642
loglik[70]       1.017813   1.054423
loglik[71]       1.000538   1.003418
loglik[72]       1.001261   1.002590
loglik[73]       1.005837   1.021789
loglik[74]       1.025028   1.052810
loglik[75]       1.292987   1.792298
loglik[76]       1.006530   1.021340
loglik[77]       1.001898   1.008678
loglik[78]       1.026471   1.086968
loglik[79]       1.013782   1.028870
loglik[80]       1.016436   1.048590
loglik[81]       1.006443   1.020276
loglik[82]       1.011751   1.038853
loglik[83]       1.008863   1.021711
loglik[84]       1.010426   1.020818
loglik[85]       1.013096   1.025379
loglik[86]       1.007343   1.017665
loglik[87]       1.211057   1.603436
loglik[88]       1.061608   1.137260
loglik[89]       1.056748   1.182203
loglik[90]       1.011752   1.011858
loglik[91]       1.055729   1.169621
loglik[92]       1.064201   1.204374
loglik[93]       1.023305   1.068769
loglik[94]       1.002996   1.006679
loglik[95]       1.008775   1.025633
loglik[96]       1.005929   1.023305
loglik[97]       1.051844   1.121642
loglik[98]       1.034517   1.079589
loglik[99]       1.044145   1.145058
loglik[100]      1.260043   1.718753
loglik[101]      1.303254   1.815758
loglik[102]      1.002557   1.006451
loglik[103]      1.007697   1.011820
loglik[104]      1.033193   1.057503
loglik[105]      1.024773   1.045111
loglik[106]      1.035185   1.106861
loglik[107]      1.032083   1.098527
loglik[108]      1.002739   1.005752
loglik[109]      1.001771   1.003289
loglik[110]      1.459003   2.266452
loglik[111]      1.009328   1.027844
loglik[112]      1.005243   1.020581
loglik[113]      1.019131   1.064275
loglik[114]      1.001256   1.006521
loglik[115]      1.003896   1.012744
loglik[116]      1.007568   1.018757
loglik[117]      1.012716   1.044657
loglik[118]      1.011932   1.042115
loglik[119]      1.029973   1.083545
loglik[120]      1.003679   1.008502
loglik[121]      1.006627   1.025628
loglik[122]      1.008214   1.023295
loglik[123]      1.003980   1.004437
loglik[124]      1.066495   1.218593
loglik[125]      1.156204   1.470507
loglik[126]      1.001372   1.001605
loglik[127]      1.011331   1.026232
loglik[128]      1.004106   1.015543
loglik[129]      1.001957   1.009206
loglik[130]      1.022167   1.038234
loglik[131]      1.032428   1.093198
loglik[132]      1.004179   1.014037
loglik[133]      1.001492   1.004288
loglik[134]      1.076999   1.213817
loglik[135]      1.050215   1.125950
loglik[136]      1.027126   1.081950
loglik[137]      1.020418   1.060219
loglik[138]      1.023935   1.055648
loglik[139]      1.039650   1.064013
loglik[140]      1.010075   1.017664
loglik[141]      1.039683   1.130878
loglik[142]      1.005367   1.021148
loglik[143]      1.008279   1.028125
loglik[144]      1.005190   1.016765
loglik[145]      1.003536   1.009715
loglik[146]      1.006447   1.022365
loglik[147]      1.009409   1.028365
loglik[148]      1.014092   1.040255
loglik[149]      1.002969   1.011746
loglik[150]      1.031276   1.094962
loglik[151]      1.012317   1.045062
loglik[152]      1.049575   1.163891
loglik[153]      1.038137   1.126602
loglik[154]      1.042494   1.142156
p.fac1[1,1]      1.058554   1.071032
p.fac1[2,1]      1.015834   1.054778
p.fac1[3,1]      1.006150   1.022711
p.fac1[4,1]      1.015679   1.037922
p.fac1[5,1]      1.015091   1.021824
p.fac1[6,1]      1.051212   1.085224
p.fac1[7,1]      1.011929   1.031857
p.fac1[8,1]      1.242244   1.805886
p.fac1[9,1]      1.186975   1.566398
p.fac1[10,1]     1.160590   1.487501
p.fac1[11,1]     1.585473   2.502913
p.fac1[12,1]     1.185648   1.553207
p.fac1[13,1]     1.005290   1.008465
p.fac1[14,1]     1.284623   1.842391
p.fac1[15,1]     1.104720   1.327610
p.fac1[16,1]     1.004014   1.008369
p.fac1[17,1]     1.019967   1.027774
p.fac1[18,1]     1.136364   1.440783
p.fac1[19,1]     1.284395   1.784844
p.fac1[20,1]     1.014131   1.031379
 [ reached getOption("max.print") -- omitted 367 rows ]

################################################################################
# Geweke Diagnostic
################################################################################

The Geweke diagnostic is a standard z-score, so we'd expect 5% to be outside +/-1.96
Number of variables outside +/-1.96 in each chain (out of 
867
):


       Chain 1 Chain 2 Chain 3
Geweke     322     212     281


And here are the Geweke diagnostics for all variables:

               chain1 chain2 chain3
deviance       -1.348 -4.366  0.598
fac1.sig       -2.475 -1.510 -4.367
ilr.fac1[1,1]  -3.170  0.122  3.413
ilr.fac1[2,1]   0.701 -0.271 -0.138
ilr.fac1[3,1]   0.475  0.337 -0.452
ilr.fac1[4,1]  -4.334 -0.893  1.596
ilr.fac1[5,1]   2.684  1.369  0.336
ilr.fac1[6,1]  -2.424  1.514  1.564
ilr.fac1[7,1]   0.378  0.119  2.126
ilr.fac1[8,1]   3.456  3.636  0.707
ilr.fac1[9,1]  -2.369 -1.375 -1.725
ilr.fac1[10,1]  2.979  2.664 -1.838
ilr.fac1[11,1] -1.956 -1.648 -2.341
ilr.fac1[12,1] -3.341  1.184 -2.752
ilr.fac1[13,1]  2.497  0.249  2.863
ilr.fac1[14,1] -0.343 -0.041 -1.052
ilr.fac1[15,1] -1.869  0.565 -1.824
ilr.fac1[16,1]  3.229  0.848  4.268
ilr.fac1[17,1]  1.506 -2.473  1.054
ilr.fac1[18,1]  0.441  1.558 -2.038
ilr.fac1[19,1] -2.245 -0.110 -2.018
ilr.fac1[20,1]  1.673  0.620  2.601
ilr.fac1[21,1]  0.589  2.806  0.619
ilr.fac1[22,1] -1.615  1.373 -0.318
ilr.fac1[23,1]  2.654  2.806 -0.106
ilr.fac1[24,1] -0.393 -0.475 -1.063
ilr.fac1[25,1] -1.805 -0.833  2.461
ilr.fac1[26,1]  3.617  2.123 -0.934
ilr.fac1[27,1] -1.879  0.322 -3.390
ilr.fac1[28,1]  2.087 -2.019 -0.085
ilr.fac1[29,1]  3.136  1.503  0.000
ilr.fac1[30,1] -2.777  0.221  3.293
ilr.fac1[31,1] -0.296  3.131 -1.886
ilr.fac1[32,1]  1.822  0.987 -0.438
ilr.fac1[33,1] -0.942  0.405 -0.234
ilr.fac1[34,1]  0.025  0.098  0.074
ilr.fac1[35,1] -1.329 -0.872 -2.990
ilr.fac1[36,1]  0.012  0.230 -2.845
ilr.fac1[37,1] -1.482  0.072  1.811
ilr.fac1[38,1]  0.318  0.071 -2.953
ilr.fac1[39,1] -1.615 -1.506  3.360
ilr.fac1[40,1]  1.542 -0.924  2.798
ilr.fac1[41,1]  0.768  1.507 -1.106
ilr.fac1[42,1] -2.381  0.205  1.133
ilr.fac1[43,1] -0.914  0.698  1.016
ilr.fac1[44,1] -1.339  0.801  0.837
ilr.fac1[45,1]  1.532 -0.136  0.794
ilr.fac1[46,1]  0.408  2.399 -2.424
ilr.fac1[47,1]  3.660  1.808  5.679
ilr.fac1[48,1]  0.365  0.651  1.868
ilr.fac1[49,1]  0.981  0.050  0.541
ilr.fac1[50,1]  0.456 -1.331 -1.239
ilr.fac1[51,1] -2.357 -2.443  0.019
ilr.fac1[52,1] -2.603 -1.152  0.262
ilr.fac1[53,1]  1.846  1.725 -3.222
ilr.fac1[54,1] -0.714 -3.523 -0.522
ilr.fac1[1,2]  -0.953  0.006  2.519
ilr.fac1[2,2]   2.446 -0.433 -2.178
ilr.fac1[3,2]   1.467  0.259 -1.764
ilr.fac1[4,2]   1.586  0.657  0.164
ilr.fac1[5,2]   0.336 -1.778 -0.359
ilr.fac1[6,2]  -0.538  1.507  2.340
ilr.fac1[7,2]  -0.921  0.729 -0.827
ilr.fac1[8,2]  -0.642 -0.311 -1.179
ilr.fac1[9,2]   1.632 -0.184 -0.205
ilr.fac1[10,2]  5.126  0.609  0.806
ilr.fac1[11,2]  1.168 -2.919  0.999
ilr.fac1[12,2] -2.055  1.255  0.361
ilr.fac1[13,2]  1.295  0.817  1.302
ilr.fac1[14,2] -0.312  1.071  1.014
ilr.fac1[15,2] -2.114 -0.509 -2.134
ilr.fac1[16,2] -1.507 -0.347 -0.914
ilr.fac1[17,2]  0.153 -0.540  0.443
ilr.fac1[18,2] -0.844 -2.520 -0.243
ilr.fac1[19,2] -1.274 -0.243 -0.735
ilr.fac1[20,2] -1.298 -1.189 -0.598
ilr.fac1[21,2] -0.854 -0.848  1.312
ilr.fac1[22,2] -0.089 -1.393  1.146
ilr.fac1[23,2] -2.042 -0.864  0.219
ilr.fac1[24,2]  0.896  1.026 -0.910
ilr.fac1[25,2]  1.173 -1.157  1.233
ilr.fac1[26,2]  1.240  2.570 -0.632
ilr.fac1[27,2]  1.297  1.388  0.405
ilr.fac1[28,2] -0.203  0.712  0.549
ilr.fac1[29,2]  0.800 -0.546 -0.047
ilr.fac1[30,2] -0.705  0.600  1.402
ilr.fac1[31,2] -1.252 -1.322 -1.368
ilr.fac1[32,2]  3.097  0.990  1.735
ilr.fac1[33,2] -1.998 -1.254 -3.122
ilr.fac1[34,2]  1.153 -1.866  0.860
ilr.fac1[35,2]  1.609  0.516 -1.054
ilr.fac1[36,2] -0.369  1.861  1.390
ilr.fac1[37,2] -0.546  0.893  0.284
ilr.fac1[38,2]  0.561  1.698  0.496
ilr.fac1[39,2]  0.308 -0.373 -1.378
ilr.fac1[40,2]  0.432  0.681 -0.591
ilr.fac1[41,2] -1.369  0.196  0.386
ilr.fac1[42,2] -2.029  1.058  0.243
ilr.fac1[43,2]  3.030  2.835  0.076
ilr.fac1[44,2]  0.942  0.978  0.868
ilr.fac1[45,2]  0.227  0.371 -0.246
ilr.fac1[46,2]  1.610  0.026 -1.050
ilr.fac1[47,2] -0.592 -0.967  0.317
ilr.fac1[48,2] -0.050  1.039  2.287
ilr.fac1[49,2] -1.173  0.544  0.122
ilr.fac1[50,2]  1.440 -0.382 -0.871
ilr.fac1[51,2] -0.142  0.808  0.337
ilr.fac1[52,2]  0.416  1.096  0.337
ilr.fac1[53,2]  3.108 -0.120  1.258
ilr.fac1[54,2] -0.534 -1.564  0.351
ilr.fac1[1,3]   4.675  1.219 -1.154
ilr.fac1[2,3]   3.028  2.744 -0.174
ilr.fac1[3,3]   1.489 -1.365  0.272
ilr.fac1[4,3]   1.914 -2.103  0.738
ilr.fac1[5,3]   1.422  1.277  9.166
ilr.fac1[6,3]   2.440 -1.943 -0.517
ilr.fac1[7,3]   4.011  1.631 -1.181
ilr.fac1[8,3]   1.828 -1.218 -0.653
ilr.fac1[9,3]  -1.379 -0.951 -1.918
ilr.fac1[10,3]  3.269 -1.768 -0.835
ilr.fac1[11,3] -2.304 -1.856 -0.501
ilr.fac1[12,3] -3.270 -1.450 -2.062
ilr.fac1[13,3] -0.456  2.006  1.674
ilr.fac1[14,3] -2.592 -2.190 -0.452
ilr.fac1[15,3] -4.453 -1.184 -2.456
ilr.fac1[16,3] -2.434  0.442  0.089
ilr.fac1[17,3]  3.436  1.855  0.658
ilr.fac1[18,3]  0.273 -2.473 -0.377
ilr.fac1[19,3] -0.598 -0.923 -0.562
ilr.fac1[20,3] -1.301  0.601 -0.401
ilr.fac1[21,3]  1.287  1.538  6.686
ilr.fac1[22,3]  1.443  2.747  9.627
ilr.fac1[23,3] -0.222  2.311  4.636
ilr.fac1[24,3]  0.243 -0.944  0.362
ilr.fac1[25,3]  1.853  1.239  0.837
ilr.fac1[26,3]  0.701 -4.027  0.984
ilr.fac1[27,3] -2.784 -1.866  0.725
ilr.fac1[28,3]  1.022 -1.903  0.341
ilr.fac1[29,3] -1.907  0.310 -1.276
ilr.fac1[30,3]  3.538  1.519 -0.196
ilr.fac1[31,3] -0.617 -1.329 -0.916
ilr.fac1[32,3] -0.333 -3.451  0.041
ilr.fac1[33,3] -2.332 -0.412 -1.789
ilr.fac1[34,3] -3.734 -0.124  0.828
ilr.fac1[35,3] -1.683 -0.935  0.669
ilr.fac1[36,3] -0.417 -2.307  0.368
ilr.fac1[37,3]  3.136 -1.509 -1.091
ilr.fac1[38,3] -0.555 -2.407 -2.577
ilr.fac1[39,3]  4.137  0.412 -0.195
ilr.fac1[40,3] -1.439  3.993  0.502
ilr.fac1[41,3] -0.424 -0.686  1.711
ilr.fac1[42,3]  0.538  0.860  1.014
ilr.fac1[43,3] -0.122 -2.644 -0.804
ilr.fac1[44,3]  2.173 -0.527  4.409
ilr.fac1[45,3] -1.049 -0.599  2.379
ilr.fac1[46,3] -1.423 -0.660  1.963
ilr.fac1[47,3] -1.441 -0.231 -1.418
ilr.fac1[48,3]  0.057  0.701  2.221
ilr.fac1[49,3] -0.521  0.226  2.080
ilr.fac1[50,3]  1.400 -0.374  0.141
ilr.fac1[51,3]  1.771  0.429  0.375
ilr.fac1[52,3]  0.645 -0.989  0.225
ilr.fac1[53,3]  0.783 -0.148  0.014
ilr.fac1[54,3]  3.367 -0.090 -1.719
ilr.fac1[1,4]   0.142  1.316 -0.622
ilr.fac1[2,4]   0.457  3.048  0.107
ilr.fac1[3,4]   1.257  0.118 -0.814
ilr.fac1[4,4]  -4.896 -0.636  0.970
ilr.fac1[5,4]   0.238  1.234 -1.705
ilr.fac1[6,4]   1.104 -0.193 -1.142
ilr.fac1[7,4]  -0.529  1.926 -0.420
ilr.fac1[8,4]  -1.081  3.117  0.960
ilr.fac1[9,4]  -1.167 -0.893 -0.696
ilr.fac1[10,4]  3.365  2.547  2.185
ilr.fac1[11,4]  0.032 -1.524 -1.894
ilr.fac1[12,4] -1.625  0.053 -1.964
ilr.fac1[13,4]  1.113  1.275  1.726
ilr.fac1[14,4] -1.651  0.723 -0.374
ilr.fac1[15,4] -2.824  0.687 -3.593
ilr.fac1[16,4]  0.129  1.702 -0.311
ilr.fac1[17,4]  0.616  3.214  0.897
ilr.fac1[18,4]  1.361  1.317 -1.056
ilr.fac1[19,4] -0.560  0.945 -1.945
ilr.fac1[20,4] -2.283  0.502 -0.362
ilr.fac1[21,4] -1.216 -0.225 -0.625
ilr.fac1[22,4] -2.587  0.141  0.664
ilr.fac1[23,4] -2.598  2.047  0.896
ilr.fac1[24,4] -1.101 -1.037  0.706
ilr.fac1[25,4] -0.109  3.012  0.814
ilr.fac1[26,4]  0.784 -1.906  1.755
ilr.fac1[27,4] -1.275 -1.602 -0.044
ilr.fac1[28,4]  1.094 -1.759  1.354
ilr.fac1[29,4] -0.227  2.220 -1.212
ilr.fac1[30,4]  0.975  1.674 -1.013
ilr.fac1[31,4]  0.674 -0.574 -0.933
ilr.fac1[32,4]  0.998 -0.957 -1.466
ilr.fac1[33,4]  1.181  0.584 -0.341
ilr.fac1[34,4] -1.483  0.196  1.058
ilr.fac1[35,4] -1.589 -0.530  0.576
ilr.fac1[36,4] -1.464  1.516  0.578
ilr.fac1[37,4]  0.551  1.135 -0.208
ilr.fac1[38,4] -0.604 -0.126 -0.988
ilr.fac1[39,4]  1.200  2.102 -0.627
ilr.fac1[40,4]  2.140  0.192  0.285
ilr.fac1[41,4]  0.947  0.369  0.105
ilr.fac1[42,4] -0.413 -1.076  0.829
ilr.fac1[43,4] -1.954 -0.450  0.510
ilr.fac1[44,4] -0.107 -1.236 -2.131
ilr.fac1[45,4]  1.543  2.290  3.954
ilr.fac1[46,4] -0.248  2.557  4.565
ilr.fac1[47,4]  0.426  1.287 -0.008
ilr.fac1[48,4] -0.213 -0.241 -1.265
ilr.fac1[49,4] -0.365  1.213 -1.575
ilr.fac1[50,4]  3.018  0.700 -0.674
ilr.fac1[51,4] -0.368  0.566  0.611
ilr.fac1[52,4] -0.531 -0.117  2.337
ilr.fac1[53,4] -1.940  1.447  1.408
ilr.fac1[54,4]  2.758  1.960 -0.531
ilr.fac1[1,5]   1.836  0.482 -4.815
ilr.fac1[2,5]   1.508  2.811  0.402
ilr.fac1[3,5]   0.195  0.576 -1.184
ilr.fac1[4,5]   1.582  1.770 -1.875
ilr.fac1[5,5]  -2.505 -2.176 -2.684
ilr.fac1[6,5]   1.575  0.281 -3.000
ilr.fac1[7,5]   0.032  2.548 -3.033
ilr.fac1[8,5]   1.459  0.353  0.755
ilr.fac1[9,5]  -1.289 -4.414 -0.685
ilr.fac1[10,5] -1.574 -2.667  0.863
ilr.fac1[11,5] -1.432 -2.639 -0.985
ilr.fac1[12,5] -0.771 -0.795 -0.174
ilr.fac1[13,5] -2.165  1.113 -4.474
ilr.fac1[14,5] -1.286 -1.911 -1.824
ilr.fac1[15,5] -0.724 -1.016 -1.105
ilr.fac1[16,5] -4.484  0.483 -2.818
ilr.fac1[17,5]  0.449  2.697 -2.747
ilr.fac1[18,5] -1.579 -1.941  1.615
ilr.fac1[19,5] -2.238  0.316 -1.845
ilr.fac1[20,5] -3.440  1.937 -1.892
ilr.fac1[21,5] -0.720 -2.939  1.974
ilr.fac1[22,5] -0.814 -2.756 -0.907
ilr.fac1[23,5]  0.215 -1.674 -0.628
ilr.fac1[24,5] -2.036 -1.532 -1.833
ilr.fac1[25,5] -1.746  2.204 -3.425
ilr.fac1[26,5] -1.117 -2.152 -2.512
ilr.fac1[27,5] -0.136 -1.087 -2.114
ilr.fac1[28,5] -1.710 -1.329 -1.160
ilr.fac1[29,5]  1.741  1.688  1.372
ilr.fac1[30,5]  1.729  0.459 -3.220
ilr.fac1[31,5] -0.967  0.703 -1.257
ilr.fac1[32,5] -3.332 -0.078 -1.490
ilr.fac1[33,5] -2.997 -0.578  1.754
ilr.fac1[34,5] -0.132 -0.316  0.385
ilr.fac1[35,5] -1.110 -1.066 -2.254
ilr.fac1[36,5] -0.850 -2.638 -0.123
ilr.fac1[37,5] -3.411  0.805 -3.101
ilr.fac1[38,5] -0.542 -0.378  1.228
ilr.fac1[39,5]  1.479  1.876 -0.522
ilr.fac1[40,5] -1.834  5.338  0.697
ilr.fac1[41,5]  0.191  0.196 -1.235
ilr.fac1[42,5] -0.761  0.341 -1.534
ilr.fac1[43,5] -1.476 -2.013  0.469
ilr.fac1[44,5] -1.667 -2.350 -1.073
ilr.fac1[45,5] -1.793 -0.612 -2.390
ilr.fac1[46,5] -0.921 -3.059 -0.888
ilr.fac1[47,5] -3.828  0.370 -2.449
ilr.fac1[48,5] -2.082  2.139 -1.469
ilr.fac1[49,5] -3.085 -0.410 -1.393
ilr.fac1[50,5]  0.483  0.374 -3.199
ilr.fac1[51,5]  1.872  1.950 -3.260
ilr.fac1[52,5]  0.253 -0.894 -2.682
ilr.fac1[53,5]  0.155 -3.058 -0.307
ilr.fac1[54,5]  2.099  1.379 -3.077
ilr.fac1[1,6]   4.088 -2.781  0.488
ilr.fac1[2,6]   2.414  1.628 -0.380
ilr.fac1[3,6]   0.316  0.713  0.307
ilr.fac1[4,6]   4.441  0.664  0.752
ilr.fac1[5,6]  -0.877 -0.744 -2.063
ilr.fac1[6,6]   3.032 -0.615  1.388
ilr.fac1[7,6]   2.455 -0.219 -1.962
ilr.fac1[8,6]  -1.650  1.102 -1.192
ilr.fac1[9,6]  -2.696 -1.961  1.146
ilr.fac1[10,6] -3.247 -0.188 -2.057
ilr.fac1[11,6] -3.035 -2.081  0.801
ilr.fac1[12,6] -7.018  2.975 -0.187
ilr.fac1[13,6]  3.936 -3.396 -0.492
ilr.fac1[14,6] -3.182 -0.808 -0.488
ilr.fac1[15,6] -6.253  0.192  0.223
ilr.fac1[16,6]  2.231 -1.487 -0.738
ilr.fac1[17,6]  4.156 -0.939 -0.012
ilr.fac1[18,6] -3.988  0.563  0.010
ilr.fac1[19,6] -1.222  0.456  1.244
ilr.fac1[20,6]  4.075 -2.974 -0.803
ilr.fac1[21,6] -4.491 -0.263 -2.076
ilr.fac1[22,6] -4.329 -0.825 -1.473
ilr.fac1[23,6] -3.224 -0.335 -0.928
ilr.fac1[24,6] -2.079  0.197  1.492
ilr.fac1[25,6]  7.408 -3.495  0.885
ilr.fac1[26,6]  0.403 -2.746  2.514
ilr.fac1[27,6] -3.859  1.881 -0.968
ilr.fac1[28,6] -1.134 -0.785  0.204
ilr.fac1[29,6] -1.623  1.588  0.666
ilr.fac1[30,6]  2.646 -1.647  0.144
ilr.fac1[31,6] -2.932  2.172 -3.902
ilr.fac1[32,6]  3.498 -1.955  2.443
ilr.fac1[33,6]  0.979 -1.679 -1.884
ilr.fac1[34,6] -3.308  0.972  1.653
ilr.fac1[35,6] -4.970  0.878  0.136
ilr.fac1[36,6] -4.932  0.840 -3.046
ilr.fac1[37,6]  2.665 -2.494  1.006
ilr.fac1[38,6] -3.848  0.551 -1.858
ilr.fac1[39,6]  3.232 -0.459 -0.400
ilr.fac1[40,6] -0.297 -0.633  0.155
ilr.fac1[41,6] -1.026  0.981 -2.267
ilr.fac1[42,6]  3.691  0.106  0.822
ilr.fac1[43,6]  0.016 -0.271  0.113
ilr.fac1[44,6]  0.514 -1.195 -0.765
ilr.fac1[45,6] -2.616  0.880  0.343
ilr.fac1[46,6] -3.047 -0.796 -1.095
ilr.fac1[47,6]  0.146 -3.167 -1.355
ilr.fac1[48,6] -0.447  0.566 -1.021
ilr.fac1[49,6] -2.070 -1.804 -2.947
ilr.fac1[50,6]  4.124 -2.400  1.036
ilr.fac1[51,6]  5.047  0.195  0.951
ilr.fac1[52,6]  0.338 -1.780  0.495
ilr.fac1[53,6] -2.256  1.704 -1.437
ilr.fac1[54,6]  4.948 -3.437 -0.194
loglik[1]      -1.389  0.032 -1.686
loglik[2]      -0.870 -1.538  0.472
loglik[3]       2.489  3.201 -1.401
loglik[4]       0.934  3.322 -0.765
loglik[5]      -0.497 -0.741  1.260
loglik[6]      -2.691 -0.662  3.330
loglik[7]      -1.016  0.571  0.180
 [ reached 'max' / getOption("max.print") -- omitted 534 rows ]
