
#################################################################
# Summary Statistics
#################################################################

DIC = 140.5272

               Mean    SD  2.5%    5%   25%   50%   75%   95% 97.5%
Epsilon.1     0.039 0.008 0.025 0.027 0.033 0.038 0.044 0.054 0.058
Epsilon.2     0.023 0.005 0.015 0.016 0.019 0.022 0.026 0.033 0.035
Individual.SD 2.223 0.554 1.323 1.442 1.834 2.163 2.523 3.218 3.480
p.global.P01  0.145 0.094 0.011 0.019 0.075 0.129 0.202 0.320 0.362
p.global.P02  0.253 0.163 0.039 0.050 0.113 0.206 0.394 0.538 0.567
p.global.P03  0.091 0.065 0.008 0.014 0.041 0.075 0.127 0.216 0.245
p.global.P04  0.087 0.049 0.017 0.023 0.052 0.078 0.113 0.179 0.203
p.global.P05  0.030 0.024 0.002 0.004 0.013 0.024 0.039 0.074 0.093
p.global.P06  0.145 0.072 0.037 0.049 0.093 0.136 0.187 0.275 0.316
p.global.P07  0.249 0.161 0.011 0.017 0.097 0.257 0.372 0.521 0.556
p.G01.P01     0.025 0.037 0.000 0.000 0.002 0.009 0.032 0.106 0.134
p.G02.P01     0.074 0.088 0.000 0.000 0.008 0.037 0.117 0.254 0.302
p.G03.P01     0.121 0.144 0.000 0.001 0.009 0.052 0.202 0.425 0.475
p.G04.P01     0.083 0.108 0.000 0.000 0.005 0.032 0.129 0.316 0.379
p.G05.P01     0.027 0.041 0.000 0.000 0.002 0.010 0.035 0.116 0.152
p.G06.P01     0.031 0.050 0.000 0.000 0.002 0.010 0.037 0.135 0.181
p.G07.P01     0.020 0.030 0.000 0.000 0.001 0.007 0.026 0.083 0.105
p.G08.P01     0.075 0.163 0.000 0.000 0.004 0.017 0.062 0.394 0.713
p.G09.P01     0.394 0.342 0.001 0.001 0.038 0.351 0.704 0.950 0.980
p.G10.P01     0.131 0.226 0.000 0.000 0.007 0.033 0.131 0.778 0.908
p.G11.P01     0.472 0.350 0.001 0.002 0.061 0.544 0.794 0.961 0.984
p.G12.P01     0.569 0.377 0.000 0.002 0.083 0.725 0.899 0.984 0.993
p.G13.P01     0.044 0.059 0.000 0.000 0.004 0.018 0.061 0.175 0.213
p.G14.P01     0.375 0.309 0.001 0.003 0.060 0.343 0.640 0.901 0.948
p.G15.P01     0.496 0.359 0.000 0.002 0.048 0.629 0.802 0.963 0.981
p.G16.P01     0.011 0.019 0.000 0.000 0.001 0.004 0.013 0.050 0.067
p.G17.P01     0.049 0.064 0.000 0.000 0.005 0.021 0.070 0.193 0.229
p.G18.P01     0.152 0.203 0.000 0.000 0.010 0.063 0.228 0.591 0.789
p.G19.P01     0.381 0.323 0.000 0.001 0.021 0.441 0.665 0.868 0.933
p.G20.P01     0.019 0.029 0.000 0.000 0.002 0.007 0.024 0.082 0.107
p.G21.P01     0.059 0.096 0.000 0.000 0.004 0.019 0.072 0.251 0.333
p.G22.P01     0.064 0.092 0.000 0.000 0.005 0.023 0.085 0.264 0.318
p.G23.P01     0.086 0.123 0.000 0.000 0.007 0.032 0.118 0.356 0.443
p.G24.P01     0.335 0.316 0.000 0.001 0.031 0.251 0.600 0.908 0.967
p.G25.P01     0.066 0.088 0.000 0.000 0.006 0.029 0.094 0.263 0.317
p.G26.P01     0.112 0.227 0.000 0.000 0.003 0.018 0.082 0.804 0.937
p.G27.P01     0.439 0.351 0.001 0.002 0.054 0.457 0.781 0.959 0.977
p.G28.P01     0.239 0.246 0.001 0.002 0.032 0.152 0.380 0.763 0.885
p.G29.P01     0.235 0.235 0.000 0.001 0.024 0.149 0.411 0.682 0.745
p.G30.P01     0.009 0.016 0.000 0.000 0.001 0.003 0.010 0.039 0.057
p.G31.P01     0.209 0.255 0.000 0.001 0.014 0.084 0.355 0.775 0.858
p.G32.P01     0.093 0.122 0.000 0.001 0.008 0.041 0.134 0.350 0.434
p.G33.P01     0.073 0.088 0.000 0.001 0.008 0.035 0.115 0.262 0.303
p.G35.P01     0.300 0.293 0.000 0.001 0.030 0.201 0.537 0.850 0.924
p.G36.P01     0.361 0.309 0.001 0.003 0.059 0.296 0.622 0.914 0.962
p.G37.P01     0.175 0.220 0.000 0.000 0.012 0.077 0.275 0.649 0.833
p.G38.P01     0.038 0.052 0.000 0.000 0.003 0.015 0.051 0.153 0.190
p.G39.P01     0.176 0.240 0.000 0.000 0.009 0.061 0.257 0.757 0.876
p.G40.P01     0.021 0.033 0.000 0.000 0.002 0.008 0.025 0.094 0.120
p.G41.P01     0.053 0.071 0.000 0.000 0.004 0.022 0.073 0.213 0.254
p.G42.P01     0.147 0.187 0.000 0.001 0.012 0.062 0.217 0.554 0.656
p.G43.P01     0.079 0.090 0.000 0.001 0.009 0.041 0.127 0.268 0.310
p.G44.P01     0.203 0.224 0.000 0.001 0.019 0.109 0.344 0.646 0.752
p.G45.P01     0.068 0.092 0.000 0.000 0.006 0.027 0.095 0.257 0.308
p.G46.P01     0.255 0.261 0.000 0.002 0.033 0.171 0.410 0.826 0.921
p.G47.P01     0.186 0.256 0.000 0.001 0.010 0.066 0.259 0.834 0.934
p.G48.P01     0.014 0.024 0.000 0.000 0.001 0.005 0.016 0.064 0.085
p.G49.P01     0.093 0.106 0.000 0.001 0.010 0.049 0.148 0.319 0.373
p.G50.P01     0.050 0.068 0.000 0.000 0.005 0.022 0.068 0.202 0.248
p.G51.P01     0.081 0.099 0.000 0.001 0.009 0.037 0.121 0.299 0.345
p.G52.P01     0.059 0.076 0.000 0.000 0.005 0.025 0.084 0.225 0.279
p.G53.P01     0.154 0.181 0.000 0.001 0.019 0.087 0.233 0.511 0.666
p.G54.P01     0.157 0.224 0.000 0.000 0.009 0.053 0.219 0.683 0.913
p.G55.P01     0.046 0.061 0.000 0.000 0.004 0.020 0.066 0.176 0.223
p.G01.P02     0.240 0.310 0.000 0.000 0.003 0.033 0.575 0.802 0.847
p.G02.P02     0.361 0.278 0.000 0.001 0.056 0.385 0.620 0.759 0.792
p.G03.P02     0.311 0.254 0.000 0.001 0.030 0.340 0.542 0.682 0.718
p.G04.P02     0.253 0.280 0.000 0.000 0.007 0.076 0.545 0.722 0.758
p.G05.P02     0.144 0.182 0.000 0.000 0.010 0.074 0.209 0.582 0.696
p.G06.P02     0.217 0.296 0.000 0.000 0.003 0.023 0.522 0.775 0.812
p.G07.P02     0.437 0.359 0.000 0.000 0.048 0.377 0.811 0.939 0.961
p.G08.P02     0.095 0.104 0.000 0.000 0.009 0.052 0.158 0.307 0.348
p.G09.P02     0.067 0.095 0.000 0.000 0.005 0.029 0.086 0.290 0.368
p.G10.P02     0.038 0.048 0.000 0.000 0.005 0.019 0.054 0.143 0.172
p.G11.P02     0.063 0.086 0.000 0.000 0.005 0.027 0.085 0.243 0.319
p.G12.P02     0.039 0.060 0.000 0.000 0.003 0.014 0.049 0.167 0.225
p.G13.P02     0.525 0.285 0.001 0.004 0.311 0.617 0.753 0.868 0.904
p.G14.P02     0.093 0.100 0.000 0.001 0.012 0.058 0.147 0.301 0.355
p.G15.P02     0.079 0.100 0.000 0.000 0.006 0.036 0.117 0.302 0.367
p.G16.P02     0.913 0.088 0.695 0.759 0.882 0.938 0.972 0.994 0.997
p.G17.P02     0.345 0.297 0.000 0.000 0.037 0.287 0.643 0.795 0.838
p.G18.P02     0.064 0.072 0.000 0.000 0.007 0.037 0.099 0.217 0.252
p.G19.P02     0.122 0.151 0.000 0.000 0.007 0.051 0.197 0.457 0.540
p.G20.P02     0.719 0.212 0.208 0.342 0.583 0.770 0.889 0.973 0.985
p.G21.P02     0.082 0.137 0.000 0.000 0.005 0.022 0.080 0.449 0.509
p.G22.P02     0.083 0.140 0.000 0.000 0.005 0.024 0.084 0.470 0.538
p.G23.P02     0.119 0.138 0.000 0.000 0.010 0.056 0.192 0.412 0.457
p.G24.P02     0.085 0.111 0.000 0.000 0.008 0.039 0.120 0.344 0.421
p.G25.P02     0.223 0.236 0.000 0.000 0.011 0.109 0.435 0.654 0.710
p.G26.P02     0.056 0.118 0.000 0.000 0.003 0.013 0.045 0.401 0.493
p.G27.P02     0.059 0.077 0.000 0.000 0.006 0.027 0.079 0.230 0.285
p.G28.P02     0.103 0.119 0.000 0.000 0.011 0.054 0.160 0.362 0.420
p.G29.P02     0.136 0.129 0.000 0.001 0.020 0.101 0.227 0.386 0.426
p.G30.P02     0.345 0.412 0.000 0.000 0.002 0.045 0.847 0.974 0.988
p.G31.P02     0.109 0.108 0.000 0.001 0.014 0.072 0.185 0.319 0.350
p.G32.P02     0.170 0.167 0.000 0.001 0.021 0.123 0.275 0.509 0.571
p.G33.P02     0.468 0.245 0.001 0.005 0.305 0.530 0.658 0.781 0.812
p.G35.P02     0.087 0.095 0.000 0.001 0.010 0.053 0.142 0.282 0.323
p.G36.P02     0.079 0.091 0.000 0.000 0.010 0.043 0.123 0.273 0.334
p.G37.P02     0.052 0.065 0.000 0.000 0.005 0.026 0.077 0.187 0.230
p.G38.P02     0.365 0.313 0.000 0.000 0.036 0.306 0.679 0.832 0.883
p.G39.P02     0.063 0.075 0.000 0.000 0.006 0.033 0.095 0.222 0.269
p.G40.P02     0.383 0.365 0.000 0.000 0.015 0.269 0.780 0.936 0.964
p.G41.P02     0.554 0.276 0.001 0.002 0.425 0.654 0.749 0.863 0.910
p.G42.P02     0.139 0.127 0.000 0.001 0.021 0.103 0.236 0.379 0.413
p.G43.P02     0.317 0.253 0.000 0.001 0.050 0.307 0.550 0.704 0.751
p.G44.P02     0.145 0.147 0.000 0.001 0.019 0.097 0.234 0.449 0.506
p.G45.P02     0.211 0.213 0.000 0.001 0.022 0.134 0.364 0.614 0.663
p.G46.P02     0.085 0.097 0.000 0.000 0.010 0.043 0.137 0.292 0.340
p.G47.P02     0.044 0.054 0.000 0.000 0.005 0.022 0.063 0.160 0.196
p.G48.P02     0.883 0.124 0.609 0.680 0.840 0.915 0.963 0.993 0.997
 [ reached getOption("max.print") -- omitted 277 rows ]
