
################################################################################
# Gelman-Rubin Diagnostic
################################################################################

Generally the Gelman diagnostic should be < 1.05


Out of 661 variables: 519 > 1.01

                      
308 > 1.05

                      
221 > 1.1


The worst variables are:

             Point est. Upper C.I.
p.fac1[30,4]  26.365183   94.94183
p.fac1[7,4]   15.154006   44.54047
p.fac1[40,4]  13.920384   44.28564
p.fac1[1,4]    9.373611   37.53456
p.fac1[38,4]   9.090627   27.40337
p.fac1[7,2]    8.709745   18.02609
p.fac1[20,4]   8.387181   28.36839
p.fac1[30,2]   8.184883   18.93100
p.fac1[17,4]   7.732855   21.07803
p.fac1[6,4]    7.526264   34.11844


And here are the Gelman diagnostics for all variables:

               Point est. Upper C.I.
deviance        1.2840480   1.764553
fac1.sig        1.6837661   2.769678
ilr.fac1[1,1]   1.6551320   2.944776
ilr.fac1[1,2]   1.1168602   1.333510
ilr.fac1[1,3]   2.6121820   4.652814
ilr.fac1[1,4]   1.0129609   1.016768
ilr.fac1[10,1]  1.0623729   1.156229
ilr.fac1[10,2]  1.0362101   1.097975
ilr.fac1[10,3]  1.2359079   1.652023
ilr.fac1[10,4]  1.2314436   1.649535
ilr.fac1[11,1]  1.0809687   1.090141
ilr.fac1[11,2]  1.0134222   1.016355
ilr.fac1[11,3]  1.0950070   1.294750
ilr.fac1[11,4]  1.0282680   1.030516
ilr.fac1[12,1]  1.0844060   1.135120
ilr.fac1[12,2]  1.0266911   1.044778
ilr.fac1[12,3]  1.2091567   1.592289
ilr.fac1[12,4]  1.0581816   1.089378
ilr.fac1[13,1]  1.2351508   1.774562
ilr.fac1[13,2]  1.0544426   1.147797
ilr.fac1[13,3]  1.9218673   3.184559
ilr.fac1[13,4]  1.0401857   1.110916
ilr.fac1[14,1]  1.1067163   1.115640
ilr.fac1[14,2]  1.0065668   1.011496
ilr.fac1[14,3]  1.0686364   1.218383
ilr.fac1[14,4]  1.0174134   1.022264
ilr.fac1[15,1]  1.1757046   1.440120
ilr.fac1[15,2]  1.0266081   1.083714
ilr.fac1[15,3]  1.2627108   1.732735
ilr.fac1[15,4]  1.0318353   1.043040
ilr.fac1[16,1]  1.3181371   2.097297
ilr.fac1[16,2]  1.1672455   1.481488
ilr.fac1[16,3]  1.8603900   3.196784
ilr.fac1[16,4]  1.0122788   1.016209
ilr.fac1[17,1]  1.3685695   2.278563
ilr.fac1[17,2]  1.0716976   1.139045
ilr.fac1[17,3]  2.0023995   3.381567
ilr.fac1[17,4]  1.0181709   1.025880
ilr.fac1[18,1]  1.0571448   1.081360
ilr.fac1[18,2]  1.0445838   1.113026
ilr.fac1[18,3]  1.1840038   1.522679
ilr.fac1[18,4]  1.0166654   1.019868
ilr.fac1[19,1]  1.1362621   1.141768
ilr.fac1[19,2]  1.0003404   1.002215
ilr.fac1[19,3]  1.0008061   1.001533
ilr.fac1[19,4]  1.0470520   1.099441
ilr.fac1[2,1]   1.2881171   2.106863
ilr.fac1[2,2]   1.0432155   1.063453
ilr.fac1[2,3]   1.6156390   2.540171
ilr.fac1[2,4]   1.0175014   1.030596
ilr.fac1[20,1]  1.2668702   1.896199
ilr.fac1[20,2]  1.0625784   1.163604
ilr.fac1[20,3]  2.4095008   4.193109
ilr.fac1[20,4]  1.0332052   1.076055
ilr.fac1[21,1]  2.0843520   3.529658
ilr.fac1[21,2]  1.8056286   2.944572
ilr.fac1[21,3]  4.5740207   9.414987
ilr.fac1[21,4]  1.0305316   1.083404
ilr.fac1[22,1]  2.2031543   3.769577
ilr.fac1[22,2]  1.8260332   2.988401
ilr.fac1[22,3]  4.8684102  10.387494
ilr.fac1[22,4]  1.0244962   1.048152
ilr.fac1[23,1]  2.4942062   4.394605
ilr.fac1[23,2]  1.5875594   2.455305
ilr.fac1[23,3]  3.6551674   7.411501
ilr.fac1[23,4]  1.0273093   1.067863
ilr.fac1[24,1]  1.1120611   1.270680
ilr.fac1[24,2]  1.0135309   1.018687
ilr.fac1[24,3]  1.1137570   1.338998
ilr.fac1[24,4]  1.0229624   1.023844
ilr.fac1[25,1]  1.2324518   1.727574
ilr.fac1[25,2]  1.2263542   1.651268
ilr.fac1[25,3]  1.6210697   2.571329
ilr.fac1[25,4]  1.0188427   1.019420
ilr.fac1[26,1]  1.0219574   1.052820
ilr.fac1[26,2]  1.0594078   1.169121
ilr.fac1[26,3]  1.0657021   1.168783
ilr.fac1[26,4]  1.0611886   1.097842
ilr.fac1[27,1]  1.0573673   1.086172
ilr.fac1[27,2]  1.0224195   1.039688
ilr.fac1[27,3]  1.1559315   1.452185
ilr.fac1[27,4]  1.0212334   1.026222
ilr.fac1[28,1]  1.0580359   1.110762
ilr.fac1[28,2]  1.0244282   1.076247
ilr.fac1[28,3]  1.1207230   1.361020
ilr.fac1[28,4]  1.0321530   1.044319
ilr.fac1[29,1]  1.1923676   1.327297
ilr.fac1[29,2]  1.0070974   1.019165
ilr.fac1[29,3]  1.0017948   1.007110
ilr.fac1[29,4]  1.0136352   1.014809
ilr.fac1[3,1]   1.2838005   2.126555
ilr.fac1[3,2]   1.0160558   1.034721
ilr.fac1[3,3]   1.1660688   1.495610
ilr.fac1[3,4]   1.0753367   1.174488
ilr.fac1[30,1]  1.9553811   3.917310
ilr.fac1[30,2]  1.0246285   1.051590
ilr.fac1[30,3]  3.7195737   6.845194
ilr.fac1[30,4]  1.0238698   1.073906
ilr.fac1[31,1]  1.1131514   1.115145
ilr.fac1[31,2]  1.0330390   1.067920
ilr.fac1[31,3]  1.0443814   1.148699
ilr.fac1[31,4]  1.0242509   1.030770
ilr.fac1[32,1]  1.1096118   1.129493
ilr.fac1[32,2]  1.1183294   1.351529
ilr.fac1[32,3]  1.0092308   1.032810
ilr.fac1[32,4]  1.0132168   1.015178
ilr.fac1[33,1]  1.2003443   1.282396
ilr.fac1[33,2]  1.0129038   1.024739
ilr.fac1[33,3]  1.3974595   2.062602
ilr.fac1[33,4]  1.0190691   1.033869
ilr.fac1[34,1]  1.0800785   1.169436
ilr.fac1[34,2]  1.0717323   1.210626
ilr.fac1[34,3]  1.3338443   1.885277
ilr.fac1[34,4]  1.2730270   1.758825
ilr.fac1[35,1]  1.1111134   1.120071
ilr.fac1[35,2]  1.0088158   1.009056
ilr.fac1[35,3]  1.0293821   1.101582
ilr.fac1[35,4]  1.0287797   1.031353
ilr.fac1[36,1]  1.0736607   1.123150
ilr.fac1[36,2]  1.0125141   1.032760
ilr.fac1[36,3]  1.1252221   1.374421
ilr.fac1[36,4]  1.0196667   1.023026
ilr.fac1[37,1]  1.0567926   1.089514
ilr.fac1[37,2]  1.0425825   1.091178
ilr.fac1[37,3]  1.1923480   1.543227
ilr.fac1[37,4]  1.0194457   1.023786
ilr.fac1[38,1]  1.3940769   2.418546
ilr.fac1[38,2]  1.0949239   1.173543
ilr.fac1[38,3]  2.3138414   4.002798
ilr.fac1[38,4]  1.0110010   1.011630
ilr.fac1[39,1]  1.0417693   1.049405
ilr.fac1[39,2]  1.0243380   1.043565
ilr.fac1[39,3]  1.1716177   1.492125
ilr.fac1[39,4]  1.0215060   1.035994
ilr.fac1[4,1]   1.3096780   2.100642
ilr.fac1[4,2]   1.0750097   1.214121
ilr.fac1[4,3]   1.5441010   2.404300
ilr.fac1[4,4]   1.0878490   1.116951
ilr.fac1[40,1]  1.5568125   2.741788
ilr.fac1[40,2]  1.0328724   1.056641
ilr.fac1[40,3]  2.8746742   5.146987
ilr.fac1[40,4]  1.0173619   1.040381
ilr.fac1[41,1]  1.2204196   1.541135
ilr.fac1[41,2]  1.0328255   1.065090
ilr.fac1[41,3]  1.7821758   2.917957
ilr.fac1[41,4]  1.0374629   1.062001
ilr.fac1[42,1]  1.2083881   1.637437
ilr.fac1[42,2]  1.0993813   1.294857
ilr.fac1[42,3]  1.2723857   1.736903
ilr.fac1[42,4]  1.0222146   1.025347
ilr.fac1[43,1]  1.2323284   1.755984
ilr.fac1[43,2]  1.0854969   1.173149
ilr.fac1[43,3]  1.4955293   2.282431
ilr.fac1[43,4]  1.0196101   1.019761
ilr.fac1[44,1]  1.1303040   1.276027
ilr.fac1[44,2]  1.0078202   1.027863
ilr.fac1[44,3]  1.0513096   1.169102
ilr.fac1[44,4]  1.0180473   1.020927
ilr.fac1[45,1]  1.8180417   3.290515
ilr.fac1[45,2]  1.1246762   1.375587
ilr.fac1[45,3]  2.1810819   3.738755
ilr.fac1[45,4]  1.0163142   1.025456
ilr.fac1[46,1]  1.0270951   1.046364
ilr.fac1[46,2]  1.0158160   1.033881
ilr.fac1[46,3]  1.1615449   1.464785
ilr.fac1[46,4]  1.0459058   1.079795
ilr.fac1[47,1]  1.0692580   1.170045
ilr.fac1[47,2]  1.0260963   1.061556
ilr.fac1[47,3]  1.2739849   1.743394
ilr.fac1[47,4]  1.1533791   1.444106
ilr.fac1[48,1]  1.2599110   1.846233
ilr.fac1[48,2]  1.1381748   1.395944
ilr.fac1[48,3]  1.6826263   2.800309
ilr.fac1[48,4]  1.0178366   1.018938
ilr.fac1[49,1]  1.2004171   1.319625
ilr.fac1[49,2]  1.0102080   1.010489
ilr.fac1[49,3]  1.1730891   1.512228
ilr.fac1[49,4]  1.0304208   1.056927
ilr.fac1[5,1]   1.9562495   3.353057
ilr.fac1[5,2]   1.4080692   2.055523
ilr.fac1[5,3]   3.6030680   7.845923
ilr.fac1[5,4]   1.0182385   1.021860
ilr.fac1[50,1]  1.6534640   3.101293
ilr.fac1[50,2]  1.0095816   1.017628
ilr.fac1[50,3]  1.0088845   1.025900
ilr.fac1[50,4]  1.0237002   1.029647
ilr.fac1[51,1]  1.2079026   1.624521
ilr.fac1[51,2]  1.1768551   1.514971
ilr.fac1[51,3]  1.4951473   2.292416
ilr.fac1[51,4]  1.0161061   1.018932
ilr.fac1[52,1]  1.3405562   2.120842
ilr.fac1[52,2]  1.2154265   1.636073
ilr.fac1[52,3]  1.8910700   3.170183
ilr.fac1[52,4]  1.0222863   1.033354
ilr.fac1[53,1]  1.0460847   1.089377
ilr.fac1[53,2]  1.0377219   1.120392
ilr.fac1[53,3]  1.1228930   1.366121
ilr.fac1[53,4]  1.0250280   1.038211
ilr.fac1[54,1]  1.0519228   1.086470
ilr.fac1[54,2]  1.0326211   1.078281
ilr.fac1[54,3]  1.2467405   1.678026
ilr.fac1[54,4]  1.0325227   1.051832
ilr.fac1[55,1]  1.4184976   2.303464
ilr.fac1[55,2]  1.1950681   1.578179
ilr.fac1[55,3]  2.0734192   3.517322
ilr.fac1[55,4]  1.0157691   1.028890
ilr.fac1[6,1]   1.6590271   2.959108
ilr.fac1[6,2]   1.1716478   1.497508
ilr.fac1[6,3]   2.5328741   4.456577
ilr.fac1[6,4]   1.0252350   1.057190
ilr.fac1[7,1]   1.5447650   2.725931
ilr.fac1[7,2]   1.0522132   1.134331
ilr.fac1[7,3]   2.8419629   5.091356
ilr.fac1[7,4]   1.0481325   1.151854
ilr.fac1[8,1]   1.1046092   1.183349
ilr.fac1[8,2]   1.0782263   1.218132
ilr.fac1[8,3]   1.3585699   1.944696
ilr.fac1[8,4]   1.0248055   1.035367
ilr.fac1[9,1]   1.0860002   1.113239
ilr.fac1[9,2]   1.0154040   1.037702
ilr.fac1[9,3]   1.1375236   1.403322
ilr.fac1[9,4]   1.0626652   1.065773
loglik[1]       1.0022623   1.006419
loglik[10]      1.0538967   1.173232
loglik[100]     1.0310052   1.107821
loglik[101]     1.0473502   1.063906
loglik[102]     1.0615379   1.121546
loglik[103]     1.0065409   1.023093
loglik[104]     1.0019067   1.006173
loglik[105]     1.0080336   1.030243
loglik[106]     1.0035104   1.012739
loglik[107]     1.0015923   1.005191
loglik[108]     1.0022306   1.005405
loglik[109]     1.0008324   1.002308
loglik[11]      1.0116265   1.012919
loglik[110]     1.0008945   1.003700
loglik[111]     1.0009442   1.003263
loglik[112]     0.9998186   1.000312
loglik[113]     1.3298798   1.950845
loglik[114]     1.0072326   1.012272
loglik[115]     1.0014111   1.002156
loglik[116]     1.1211673   1.366317
loglik[117]     1.0099244   1.036662
loglik[118]     1.0644207   1.196091
loglik[119]     1.0697780   1.221660
loglik[12]      1.0100309   1.014394
loglik[120]     1.0474552   1.152222
loglik[121]     1.0065072   1.011619
loglik[122]     1.0031254   1.012520
loglik[123]     1.0011315   1.002733
loglik[124]     1.0018562   1.005494
loglik[125]     1.0024263   1.007823
loglik[126]     1.0032142   1.010151
loglik[127]     1.0268928   1.034148
loglik[128]     1.0410923   1.066027
loglik[129]     1.0112235   1.040380
loglik[13]      1.0001031   1.001476
loglik[130]     1.0001598   1.000908
loglik[131]     1.0045349   1.004980
loglik[132]     1.0050667   1.005739
loglik[133]     1.0243268   1.084913
loglik[134]     1.0347255   1.113826
loglik[135]     1.0018250   1.006907
loglik[136]     1.0034903   1.006898
loglik[137]     1.0188907   1.067362
loglik[138]     1.0031974   1.004052
loglik[139]     1.0953928   1.303443
loglik[14]      1.0030610   1.012350
loglik[140]     1.1124615   1.352374
loglik[141]     1.0089793   1.023395
loglik[142]     1.0293837   1.099669
loglik[143]     1.0364073   1.086179
loglik[144]     1.0330906   1.039280
loglik[145]     1.0050165   1.019098
loglik[146]     1.0086590   1.030447
loglik[147]     1.0457191   1.152751
loglik[148]     1.0852840   1.263476
loglik[149]     1.0121474   1.037219
loglik[15]      1.0073050   1.026891
loglik[150]     1.0016486   1.006756
loglik[151]     1.0015519   1.006683
loglik[152]     1.0000010   1.000276
loglik[153]     1.0287024   1.077613
loglik[154]     1.0086621   1.013883
loglik[155]     1.0675091   1.211140
loglik[156]     1.0217179   1.051859
loglik[157]     1.0969262   1.299271
loglik[16]      1.0005330   1.001441
loglik[17]      1.0028594   1.009802
loglik[18]      1.0058817   1.020723
loglik[19]      1.0561127   1.160931
loglik[2]       1.0081168   1.008616
loglik[20]      1.0100752   1.028273
loglik[21]      1.0231974   1.081590
loglik[22]      0.9997166   1.000191
loglik[23]      1.0012242   1.004521
loglik[24]      0.9998535   1.000611
loglik[25]      1.0020321   1.008637
loglik[26]      2.2498346   3.916485
loglik[27]      1.0077231   1.009622
loglik[28]      1.0111917   1.033621
loglik[29]      1.0457390   1.147684
loglik[3]       1.0060745   1.016993
loglik[30]      1.0031425   1.003383
loglik[31]      1.0009367   1.003048
loglik[32]      1.0021887   1.004247
loglik[33]      1.0028159   1.006183
loglik[34]      1.3776569   2.016586
loglik[35]      1.0212776   1.039770
loglik[36]      1.4547185   2.162286
loglik[37]      1.0301909   1.094599
loglik[38]      1.0317236   1.107723
loglik[39]      1.0012350   1.004294
loglik[4]       1.0176973   1.046195
loglik[40]      1.0015236   1.002382
loglik[41]      1.0016513   1.006198
loglik[42]      1.0103751   1.037342
loglik[43]      1.0051979   1.016069
loglik[44]      1.0005424   1.002231
loglik[45]      1.0049938   1.013160
loglik[46]      1.0160157   1.056836
loglik[47]      1.0007280   1.003144
loglik[48]      1.0074815   1.020871
loglik[49]      1.0043331   1.010145
loglik[5]       1.0009433   1.001002
loglik[50]      1.0022784   1.007512
loglik[51]      1.0013620   1.004555
loglik[52]      1.0289907   1.087027
loglik[53]      1.0006314   1.003561
loglik[54]      1.0002358   1.000680
loglik[55]      1.0027842   1.009760
loglik[56]      1.0004994   1.001613
loglik[57]      1.0033870   1.005691
loglik[58]      1.0026556   1.008997
loglik[59]      1.0089815   1.031932
loglik[6]       1.0005256   1.000532
loglik[60]      1.0070543   1.019181
loglik[61]      1.0008124   1.002905
loglik[62]      1.0021706   1.007647
loglik[63]      1.0086624   1.030486
loglik[64]      1.0280014   1.080777
loglik[65]      1.0745294   1.241471
loglik[66]      1.0657981   1.212289
loglik[67]      1.1209447   1.357617
loglik[68]      1.0058427   1.021857
loglik[69]      1.0173286   1.049067
loglik[7]       1.0691220   1.212660
loglik[70]      1.0007016   1.003884
loglik[71]      0.9997839   1.000505
loglik[72]      1.0007901   1.002990
loglik[73]      1.0136282   1.049337
loglik[74]      1.0001372   1.000846
loglik[75]      1.0029012   1.010676
loglik[76]      1.0029990   1.008397
loglik[77]      1.0015815   1.001777
loglik[78]      1.7024735   2.787338
loglik[79]      1.0170355   1.057728
loglik[8]       1.0099998   1.032182
loglik[80]      1.0028954   1.004944
loglik[81]      1.0320235   1.105916
loglik[82]      1.0189275   1.048596
loglik[83]      1.0333251   1.110356
loglik[84]      1.0158467   1.054636
loglik[85]      1.0069873   1.023631
loglik[86]      1.0199101   1.070287
loglik[87]      1.0004173   1.000995
loglik[88]      1.0007914   1.001172
loglik[89]      1.0033499   1.007635
loglik[9]       1.0920447   1.293575
loglik[90]      1.0031312   1.010480
loglik[91]      1.0008193   1.001558
loglik[92]      1.0182566   1.053084
loglik[93]      1.0313979   1.105844
loglik[94]      1.0863190   1.259614
loglik[95]      1.0491686   1.152291
loglik[96]      1.0015544   1.003911
loglik[97]      1.0029980   1.008474
loglik[98]      1.0021243   1.006822
loglik[99]      1.0292753   1.096290
p.fac1[1,1]     1.0311968   1.101318
p.fac1[1,2]     5.7564622  12.898632
p.fac1[1,3]     1.1355460   1.423644
p.fac1[1,4]     9.3736108  37.534563
p.fac1[1,5]     1.1001387   1.318675
p.fac1[10,1]    1.0269961   1.050312
p.fac1[10,2]    1.0644567   1.075817
p.fac1[10,3]    1.0076686   1.027275
p.fac1[10,4]    1.0828628   1.127621
p.fac1[10,5]    1.0040006   1.007142
p.fac1[11,1]    1.0006895   1.003849
p.fac1[11,2]    1.0563415   1.177260
p.fac1[11,3]    1.0243723   1.046974
p.fac1[11,4]    1.0370593   1.119453
p.fac1[11,5]    1.0200638   1.067233
p.fac1[12,1]    1.0102954   1.036077
p.fac1[12,2]    1.0755225   1.076310
p.fac1[12,3]    1.0126801   1.015369
p.fac1[12,4]    1.0513769   1.098026
p.fac1[12,5]    1.0099313   1.036357
p.fac1[13,1]    1.1315530   1.407141
p.fac1[13,2]    5.6594202  10.904557
p.fac1[13,3]    1.1125909   1.358599
p.fac1[13,4]    6.8674014  17.608208
p.fac1[13,5]    1.1776679   1.577887
p.fac1[14,1]    1.0031092   1.007372
p.fac1[14,2]    1.0635850   1.183512
p.fac1[14,3]    1.0041956   1.006172
p.fac1[14,4]    1.0462430   1.155503
p.fac1[14,5]    1.0064225   1.021660
p.fac1[15,1]    1.0086920   1.031522
p.fac1[15,2]    1.1627154   1.393009
p.fac1[15,3]    1.0053874   1.014000
p.fac1[15,4]    1.0862190   1.248603
p.fac1[15,5]    1.0174777   1.061124
p.fac1[16,1]    1.0930328   1.285621
p.fac1[16,2]    3.5405367  15.990507
p.fac1[16,3]    1.0321233   1.103306
p.fac1[16,4]    3.5939668  18.144076
p.fac1[16,5]    1.0390318   1.119751
p.fac1[17,1]    1.0241871   1.084667
p.fac1[17,2]    5.5039060  10.809815
p.fac1[17,3]    1.2293413   1.661058
p.fac1[17,4]    7.7328551  21.078031
p.fac1[17,5]    1.0901675   1.283438
p.fac1[18,1]    1.0225964   1.072455
p.fac1[18,2]    1.0267376   1.044575
p.fac1[18,3]    1.0070702   1.024736
p.fac1[18,4]    1.0333664   1.049611
p.fac1[18,5]    1.0147991   1.043003
p.fac1[19,1]    1.0053295   1.020622
p.fac1[19,2]    1.2232894   1.619225
p.fac1[19,3]    1.0038021   1.012221
p.fac1[19,4]    1.4590551   2.249947
p.fac1[19,5]    1.0109646   1.038772
p.fac1[2,1]     1.0284813   1.099330
p.fac1[2,2]     4.0880797   7.576835
p.fac1[2,3]     1.1262255   1.387226
p.fac1[2,4]     5.1619513  12.276623
p.fac1[2,5]     1.0940134   1.296891
p.fac1[20,1]    1.1827491   1.583591
p.fac1[20,2]    6.9975956  15.080593
p.fac1[20,3]    1.1721734   1.569656
p.fac1[20,4]    8.3871807  28.368387
p.fac1[20,5]    1.1442159   1.469192
p.fac1[21,1]    1.1210513   1.350526
p.fac1[21,2]    4.1336894  16.607755
p.fac1[21,3]    1.0901047   1.281067
p.fac1[21,4]    4.3411393   9.961489
p.fac1[21,5]    1.1132238   1.360574
p.fac1[22,1]    1.1450171   1.417966
p.fac1[22,2]    4.9425400  16.245398
p.fac1[22,3]    1.1347712   1.430448
p.fac1[22,4]    4.9838934  11.510826
p.fac1[22,5]    1.0881469   1.275607
p.fac1[23,1]    1.0716776   1.231222
p.fac1[23,2]    3.2419633   8.872723
p.fac1[23,3]    1.1050020   1.324977
p.fac1[23,4]    2.7502669   5.770330
p.fac1[23,5]    1.0979966   1.296787
p.fac1[24,1]    1.0338499   1.109529
p.fac1[24,2]    1.0196254   1.059619
p.fac1[24,3]    1.0280180   1.038023
p.fac1[24,4]    1.1402050   1.371344
p.fac1[24,5]    1.0127368   1.014978
p.fac1[25,1]    1.0504884   1.163958
p.fac1[25,2]    3.2677335   6.482854
p.fac1[25,3]    1.0384434   1.130789
p.fac1[25,4]    4.5853776  13.666531
p.fac1[25,5]    1.0233744   1.069913
p.fac1[26,1]    1.0411213   1.139247
p.fac1[26,2]    1.1620226   1.526017
p.fac1[26,3]    1.0364348   1.098547
p.fac1[26,4]    1.2879041   2.153012
p.fac1[26,5]    1.0264418   1.084991
p.fac1[27,1]    1.0026708   1.010075
p.fac1[27,2]    1.0342231   1.075013
p.fac1[27,3]    1.0197153   1.048802
p.fac1[27,4]    1.0087999   1.032128
p.fac1[27,5]    1.0051869   1.018933
p.fac1[28,1]    1.0160135   1.056748
p.fac1[28,2]    1.0462375   1.149029
p.fac1[28,3]    1.0259982   1.075581
p.fac1[28,4]    1.1062766   1.262973
p.fac1[28,5]    1.0089466   1.033354
p.fac1[29,1]    1.0139183   1.039548
p.fac1[29,2]    1.2133909   1.611230
p.fac1[29,3]    1.0265732   1.090600
p.fac1[29,4]    1.1534191   1.465933
p.fac1[29,5]    1.0174683   1.059878
p.fac1[3,1]     0.9997319   1.000204
p.fac1[3,2]     2.5689910   4.637098
p.fac1[3,3]     1.0143090   1.050047
p.fac1[3,4]     2.8702833   5.450685
p.fac1[3,5]     1.1569454   1.466992
p.fac1[30,1]    1.0605479   1.184920
p.fac1[30,2]    8.1848831  18.931002
p.fac1[30,3]    1.3162513   2.099291
p.fac1[30,4]   26.3651828  94.941830
p.fac1[30,5]    1.1606002   1.537242
p.fac1[31,1]    1.0166564   1.055397
 [ reached getOption("max.print") -- omitted 161 rows ]

################################################################################
# Geweke Diagnostic
################################################################################

The Geweke diagnostic is a standard z-score, so we'd expect 5% to be outside +/-1.96
Number of variables outside +/-1.96 in each chain (out of 
661
):


       Chain 1 Chain 2 Chain 3
Geweke     114     101      77


And here are the Geweke diagnostics for all variables:

               chain1 chain2 chain3
deviance        0.564  2.747  0.868
fac1.sig       -0.139  0.375  1.923
ilr.fac1[1,1]   0.826 -1.878 -1.481
ilr.fac1[1,2]   2.047 -2.682 -0.168
ilr.fac1[1,3]   0.073  1.515  0.244
ilr.fac1[1,4]  -0.733  1.312 -0.957
ilr.fac1[10,1] -1.692 -3.182 -1.852
ilr.fac1[10,2]  0.173  0.764  1.419
ilr.fac1[10,3]  0.258  2.668 -0.722
ilr.fac1[10,4] -0.968 -1.615 -2.212
ilr.fac1[11,1]  0.338 -0.378  0.105
ilr.fac1[11,2] -0.728 -1.643 -1.251
ilr.fac1[11,3]  0.492  0.741  0.541
ilr.fac1[11,4]  1.010 -0.368 -0.558
ilr.fac1[12,1]  0.015  0.697  0.568
ilr.fac1[12,2]  0.236 -0.887  0.252
ilr.fac1[12,3]  0.654 -0.303 -1.262
ilr.fac1[12,4] -0.495 -2.200 -2.403
ilr.fac1[13,1] -1.579 -0.982 -1.378
ilr.fac1[13,2]  0.608  1.445  0.132
ilr.fac1[13,3]  0.099  0.680 -0.323
ilr.fac1[13,4] -2.021 -3.014  0.094
ilr.fac1[14,1]  0.231 -0.419  0.657
ilr.fac1[14,2]  1.668 -1.184 -0.707
ilr.fac1[14,3]  0.846 -1.397 -0.911
ilr.fac1[14,4] -0.715 -1.727  1.111
ilr.fac1[15,1] -0.407  0.740  1.220
ilr.fac1[15,2]  1.411 -0.669  0.103
ilr.fac1[15,3] -0.662 -0.516  0.418
ilr.fac1[15,4] -1.724  1.682 -0.754
ilr.fac1[16,1]  0.905 -0.027 -1.453
ilr.fac1[16,2]  2.702  0.284  1.276
ilr.fac1[16,3] -1.057  0.185  0.785
ilr.fac1[16,4] -0.543 -1.485 -1.498
ilr.fac1[17,1] -1.440  2.144 -2.155
ilr.fac1[17,2]  0.101 -0.585 -0.207
ilr.fac1[17,3] -0.569  0.088 -1.624
ilr.fac1[17,4]  1.672  0.883 -1.155
ilr.fac1[18,1] -0.048 -2.055  1.102
ilr.fac1[18,2]  1.227 -0.131  0.268
ilr.fac1[18,3] -0.970 -0.077 -0.701
ilr.fac1[18,4] -0.298 -1.723  1.863
ilr.fac1[19,1]  1.629  1.259  0.126
ilr.fac1[19,2] -0.854 -1.887 -1.868
ilr.fac1[19,3]  0.548  1.447 -2.182
ilr.fac1[19,4]  0.699  0.609 -1.010
ilr.fac1[2,1]  -2.379 -0.743 -0.385
ilr.fac1[2,2]  -0.074  0.044  0.048
ilr.fac1[2,3]  -1.167  1.873  1.026
ilr.fac1[2,4]   0.034 -0.020  0.144
ilr.fac1[20,1] -0.953 -1.321 -1.311
ilr.fac1[20,2]  1.028 -1.636  2.335
ilr.fac1[20,3]  0.582  1.930 -0.857
ilr.fac1[20,4] -0.284 -0.285 -1.991
ilr.fac1[21,1]  0.733 -1.719 -0.919
ilr.fac1[21,2]  1.283  1.074 -1.113
ilr.fac1[21,3]  0.760  1.122 -1.430
ilr.fac1[21,4]  0.916 -0.636 -1.130
ilr.fac1[22,1]  0.395 -0.492  0.829
ilr.fac1[22,2]  1.407 -0.281  0.228
ilr.fac1[22,3]  0.243  2.752 -0.493
ilr.fac1[22,4] -0.032  0.187  1.423
ilr.fac1[23,1]  0.617 -1.671  0.715
ilr.fac1[23,2]  0.333  0.237 -0.401
ilr.fac1[23,3]  0.340  0.491 -1.369
ilr.fac1[23,4] -2.533 -0.095 -1.286
ilr.fac1[24,1] -1.894 -0.712  1.202
ilr.fac1[24,2]  3.940 -0.565 -1.310
ilr.fac1[24,3] -0.140 -0.055 -0.143
ilr.fac1[24,4]  0.499 -1.567  0.708
ilr.fac1[25,1] -2.513  1.470 -5.707
ilr.fac1[25,2]  1.648 -0.063  0.795
ilr.fac1[25,3] -1.067  0.158 -0.218
ilr.fac1[25,4]  0.407 -2.668 -1.102
ilr.fac1[26,1]  1.439 -1.170  1.162
ilr.fac1[26,2] -1.287 -0.364 -2.003
ilr.fac1[26,3]  0.135  1.118  0.684
ilr.fac1[26,4]  0.894  1.196 -0.211
ilr.fac1[27,1] -0.905  0.668  1.303
ilr.fac1[27,2]  2.450 -2.686 -0.820
ilr.fac1[27,3]  0.449  2.239 -0.777
ilr.fac1[27,4] -1.802  0.142 -0.744
ilr.fac1[28,1]  0.909  1.046  0.799
ilr.fac1[28,2]  0.008 -3.599 -0.901
ilr.fac1[28,3] -0.898  3.077  0.033
ilr.fac1[28,4]  1.343  1.737  0.886
ilr.fac1[29,1] -2.130 -0.055  0.054
ilr.fac1[29,2]  1.048  0.612  0.212
ilr.fac1[29,3]  1.057 -0.333 -0.856
ilr.fac1[29,4] -1.773 -0.832 -1.137
ilr.fac1[3,1]  -1.060  1.763 -0.216
ilr.fac1[3,2]  -0.476 -1.016 -0.590
ilr.fac1[3,3]  -1.352  1.282 -0.874
ilr.fac1[3,4]   0.908 -0.325 -0.508
ilr.fac1[30,1] -0.314  0.094 -1.114
ilr.fac1[30,2] -1.072  0.131  1.417
ilr.fac1[30,3]  0.953  1.783 -0.879
ilr.fac1[30,4] -1.114 -0.453 -0.660
ilr.fac1[31,1] -1.423  0.838  0.970
ilr.fac1[31,2]  1.062 -1.559  0.069
ilr.fac1[31,3] -1.073 -0.860  0.148
ilr.fac1[31,4] -1.109  0.873  0.532
ilr.fac1[32,1] -0.114 -0.968 -0.807
ilr.fac1[32,2]  2.813 -2.533 -0.757
ilr.fac1[32,3] -0.328  0.821 -1.125
ilr.fac1[32,4] -0.514 -3.619 -0.300
ilr.fac1[33,1] -0.454 -1.228 -1.247
ilr.fac1[33,2] -0.437 -0.031  0.589
ilr.fac1[33,3]  1.862  2.092 -0.415
ilr.fac1[33,4]  1.227 -0.254  0.083
ilr.fac1[34,1] -0.737 -1.288  1.547
ilr.fac1[34,2]  1.649 -1.613  0.586
ilr.fac1[34,3] -0.115  0.511  1.401
ilr.fac1[34,4] -1.943 -0.396 -2.560
ilr.fac1[35,1] -0.622 -0.524  1.539
ilr.fac1[35,2] -0.134 -1.511 -0.705
ilr.fac1[35,3]  0.844 -0.400  1.065
ilr.fac1[35,4] -0.635 -0.092 -0.783
ilr.fac1[36,1]  0.279 -0.878 -0.523
ilr.fac1[36,2]  1.547 -3.148  0.369
ilr.fac1[36,3] -0.093  1.369  0.881
ilr.fac1[36,4] -0.065  1.313 -0.501
ilr.fac1[37,1] -1.375 -1.786  0.176
ilr.fac1[37,2]  1.343  2.034  0.719
ilr.fac1[37,3]  0.393  1.556  1.681
ilr.fac1[37,4]  0.010  0.071  0.355
ilr.fac1[38,1] -0.894 -1.173 -0.795
ilr.fac1[38,2]  2.203  0.763  1.253
ilr.fac1[38,3] -0.724  0.955  1.496
ilr.fac1[38,4]  0.382 -2.293 -1.619
ilr.fac1[39,1] -0.707 -0.014 -0.057
ilr.fac1[39,2]  1.809 -1.039  2.313
ilr.fac1[39,3]  0.304  1.080 -2.772
ilr.fac1[39,4]  0.204 -0.569  1.077
ilr.fac1[4,1]  -0.238 -0.060  1.453
ilr.fac1[4,2]   0.676 -0.283 -0.300
ilr.fac1[4,3]   0.248  1.518  0.613
ilr.fac1[4,4]   0.225 -0.796  0.643
ilr.fac1[40,1]  0.156 -1.114 -1.699
ilr.fac1[40,2]  1.215  0.395  0.474
ilr.fac1[40,3] -0.187  0.840 -0.745
ilr.fac1[40,4]  0.864 -0.139  0.035
ilr.fac1[41,1] -1.880  1.158 -1.300
ilr.fac1[41,2] -1.173 -1.316  0.791
ilr.fac1[41,3]  0.389 -0.197 -0.406
ilr.fac1[41,4] -1.582 -1.447 -0.867
ilr.fac1[42,1] -0.034 -0.673  0.169
ilr.fac1[42,2]  1.406 -0.533  0.375
ilr.fac1[42,3]  0.712  1.022 -0.376
ilr.fac1[42,4] -1.124  0.186 -2.086
ilr.fac1[43,1] -0.485 -1.173 -1.263
ilr.fac1[43,2]  2.158 -1.573  0.155
ilr.fac1[43,3] -0.434  1.716  0.742
ilr.fac1[43,4] -0.109 -0.644 -0.678
ilr.fac1[44,1] -1.161  2.056 -0.554
ilr.fac1[44,2]  2.646 -2.983 -0.284
ilr.fac1[44,3]  1.009 -1.340 -0.343
ilr.fac1[44,4] -0.429 -1.726 -1.418
ilr.fac1[45,1]  0.399 -1.032 -1.430
ilr.fac1[45,2]  0.053 -1.580 -0.054
ilr.fac1[45,3]  0.430  1.485 -1.895
ilr.fac1[45,4] -1.014 -2.024 -0.783
ilr.fac1[46,1]  1.524  0.443  0.948
ilr.fac1[46,2]  0.014 -2.941 -0.105
ilr.fac1[46,3]  0.966  1.053 -0.183
ilr.fac1[46,4] -2.202 -0.524 -1.792
ilr.fac1[47,1]  0.164 -2.720 -0.267
ilr.fac1[47,2]  1.385 -0.637  1.520
ilr.fac1[47,3]  1.290  1.424  1.078
ilr.fac1[47,4] -2.272 -0.930 -2.303
ilr.fac1[48,1]  0.093 -0.379 -2.356
ilr.fac1[48,2]  1.624 -0.104  1.479
ilr.fac1[48,3] -1.175  1.037  0.333
ilr.fac1[48,4] -1.905  1.610 -1.871
ilr.fac1[49,1] -0.292 -1.117 -0.692
ilr.fac1[49,2]  2.156 -1.086 -0.346
ilr.fac1[49,3] -0.358  2.027 -0.567
ilr.fac1[49,4]  0.693 -1.106 -0.081
ilr.fac1[5,1]  -0.501  0.082 -1.924
ilr.fac1[5,2]   0.353 -1.169  1.453
ilr.fac1[5,3]   0.236  2.431 -1.905
ilr.fac1[5,4]   1.484 -1.292 -0.562
ilr.fac1[50,1] -2.589 -2.550 -1.474
ilr.fac1[50,2]  1.375 -1.090 -0.746
ilr.fac1[50,3] -2.508  2.828 -2.654
ilr.fac1[50,4] -1.493  0.123 -0.014
ilr.fac1[51,1] -0.204 -0.981 -0.553
ilr.fac1[51,2]  2.961 -1.092  0.772
ilr.fac1[51,3]  0.328  2.492  1.584
ilr.fac1[51,4]  1.449  0.015 -0.344
ilr.fac1[52,1] -1.757 -1.323 -1.744
ilr.fac1[52,2]  2.239 -1.384 -1.323
ilr.fac1[52,3]  0.048  2.729 -1.122
ilr.fac1[52,4]  0.051  1.523  1.477
ilr.fac1[53,1]  0.369 -0.007  1.450
ilr.fac1[53,2]  1.814 -2.282 -0.689
ilr.fac1[53,3] -1.227  1.260 -0.615
ilr.fac1[53,4] -0.165 -1.144  0.701
ilr.fac1[54,1]  0.106 -4.558  1.867
ilr.fac1[54,2]  0.424 -1.037  1.462
ilr.fac1[54,3] -0.199  0.700 -1.320
ilr.fac1[54,4] -0.488  0.337 -0.927
ilr.fac1[55,1] -2.070  1.618 -1.265
ilr.fac1[55,2]  1.260 -0.869 -0.544
ilr.fac1[55,3] -0.549  0.480  1.179
ilr.fac1[55,4]  0.317  0.883  0.482
ilr.fac1[6,1]  -0.956  0.050 -2.657
ilr.fac1[6,2]   0.187 -0.696  0.074
ilr.fac1[6,3]  -0.870  0.291  0.044
ilr.fac1[6,4]   2.116 -0.891 -1.277
ilr.fac1[7,1]   0.226 -0.931 -0.649
ilr.fac1[7,2]   1.390  1.794  0.321
ilr.fac1[7,3]   0.899  1.573  0.857
ilr.fac1[7,4]  -0.266 -0.011 -0.482
ilr.fac1[8,1]  -0.476 -0.988  1.922
ilr.fac1[8,2]   1.981 -0.419  0.914
ilr.fac1[8,3]   0.597  1.546 -1.669
ilr.fac1[8,4]   0.560 -1.880 -2.476
ilr.fac1[9,1]   0.114 -0.027  0.862
ilr.fac1[9,2]   0.891 -1.433 -0.753
ilr.fac1[9,3]   0.488  3.208  0.964
ilr.fac1[9,4]  -0.420 -0.488 -0.925
loglik[1]       1.653  0.214 -0.532
loglik[10]     -0.014 -0.187  0.075
loglik[100]     0.257 -0.006 -1.050
loglik[101]    -0.708 -0.928 -0.553
loglik[102]     0.254  1.476 -0.307
loglik[103]     0.167 -0.620  0.662
loglik[104]    -0.166 -0.732  0.464
loglik[105]    -0.752  0.277  0.023
loglik[106]    -0.275 -0.129 -1.049
loglik[107]    -0.823 -0.184 -2.058
loglik[108]    -1.222 -0.616 -3.145
loglik[109]    -0.631  0.199  0.674
loglik[11]      0.667 -1.590  0.144
loglik[110]    -0.435  0.008  0.620
loglik[111]     0.492  0.008 -1.207
loglik[112]     0.063 -0.029  0.016
loglik[113]     1.242 -0.532 -0.830
loglik[114]     0.235  0.697  1.048
loglik[115]    -0.285  0.598  0.614
loglik[116]    -0.616  0.006 -0.617
loglik[117]     0.285  2.689 -0.243
loglik[118]     1.165 -1.301  0.214
loglik[119]    -2.074 -0.619 -0.596
loglik[12]     -0.113 -0.408 -0.019
loglik[120]    -2.335 -1.085 -0.883
loglik[121]    -0.951 -1.761 -0.508
loglik[122]    -0.286 -2.134 -0.597
loglik[123]    -0.164  0.209  0.667
loglik[124]    -0.397  0.170  0.628
loglik[125]    -1.799 -0.069  1.103
loglik[126]    -0.723 -1.091  2.555
loglik[127]     1.248 -1.718 -1.597
loglik[128]     1.079 -0.720 -1.578
loglik[129]    -0.353  1.586  0.973
loglik[13]     -0.388 -1.802  0.898
loglik[130]    -0.209 -0.506  0.998
loglik[131]     1.270  1.053 -1.055
loglik[132]     1.298  1.256 -1.240
loglik[133]    -0.684 -1.481  0.553
loglik[134]     1.389 -0.633 -1.141
loglik[135]     1.373 -0.504  0.101
loglik[136]    -0.156  0.755  1.080
loglik[137]    -0.695 -0.963 -0.450
loglik[138]    -0.945  1.513  1.182
loglik[139]     1.642 -1.142 -0.432
loglik[14]     -1.126  0.000 -1.383
loglik[140]     1.833 -1.257 -0.521
loglik[141]    -0.160  0.062  1.572
loglik[142]    -0.799  0.660 -2.432
loglik[143]    -0.655  0.119 -0.119
loglik[144]    -0.149  0.730 -0.064
loglik[145]    -2.106 -0.338 -0.554
loglik[146]    -2.528 -1.834  0.569
loglik[147]     1.818 -1.073  0.886
loglik[148]     2.120 -1.092  0.514
loglik[149]    -1.468 -1.725  0.255
loglik[15]     -1.168  0.106 -0.250
loglik[150]    -1.151  0.684 -1.317
loglik[151]    -1.295  0.731 -1.564
loglik[152]     2.259  0.056  0.320
loglik[153]    -1.831 -0.393 -1.374
loglik[154]    -1.647  1.363 -0.045
loglik[155]     1.291 -1.799 -0.774
loglik[156]    -0.148 -1.779  0.569
loglik[157]     0.393 -1.305  1.706
loglik[16]     -0.143  0.084 -2.488
loglik[17]     -0.261  2.058  1.246
loglik[18]      1.106 -0.787  0.637
loglik[19]      0.074  0.600  1.149
loglik[2]       0.303 -0.280  0.427
loglik[20]     -0.074  0.911 -1.416
loglik[21]     -1.494 -2.344  0.124
loglik[22]     -1.967 -0.006 -0.813
loglik[23]      1.253 -1.016  0.239
loglik[24]     -2.437  0.472 -1.018
loglik[25]      1.058 -0.437 -0.352
loglik[26]      0.019 -1.732 -1.468
loglik[27]      0.351 -1.073 -1.158
loglik[28]      0.057 -0.829 -0.407
loglik[29]      1.033 -0.802  0.772
loglik[3]      -0.840  1.788 -0.088
loglik[30]     -0.693 -0.560 -0.362
loglik[31]      0.014 -0.762 -0.564
loglik[32]     -0.569 -0.679 -0.542
loglik[33]     -1.108 -2.369 -0.411
loglik[34]      0.424 -1.965  0.310
loglik[35]     -0.638 -0.897  0.911
loglik[36]      2.729 -2.614 -0.149
loglik[37]      1.576  2.328  1.088
loglik[38]     -0.478  1.626  1.064
loglik[39]     -0.993 -1.911 -0.441
loglik[4]       0.990 -0.544  0.218
loglik[40]     -1.430 -0.897  0.589
loglik[41]     -0.862 -0.481  0.316
loglik[42]      0.691  0.114  0.244
loglik[43]      0.654 -1.020  1.002
loglik[44]     -1.666 -0.484  1.821
loglik[45]     -0.985 -0.010  0.426
loglik[46]      2.840  0.809  0.294
loglik[47]     -0.711  0.057 -0.634
loglik[48]      0.752 -0.571 -0.360
loglik[49]     -0.967 -0.888 -0.678
loglik[5]      -0.395 -0.287  0.741
loglik[50]      1.528 -2.179  0.612
loglik[51]      1.320 -0.095  1.746
loglik[52]      1.481 -3.475 -0.747
loglik[53]     -0.287  0.175 -1.058
loglik[54]      0.392 -0.230  0.024
loglik[55]      1.295  0.219 -1.338
loglik[56]     -0.104 -0.038  3.373
loglik[57]      0.332  0.367  0.259
 [ reached 'max' / getOption("max.print") -- omitted 328 rows ]
