
################################################################################
# Gelman-Rubin Diagnostic
################################################################################

Generally the Gelman diagnostic should be < 1.05


Out of 661 variables: 9 > 1.01

                      
0 > 1.05

                      
0 > 1.1


The worst variables are:

             Point est. Upper C.I.
p.fac1[37,4]   1.027210   1.033513
p.global[4]    1.026260   1.086744
p.global[2]    1.018794   1.066838
p.global[1]    1.018012   1.064402
p.fac1[37,1]   1.013487   1.020175
p.fac1[48,4]   1.012107   1.017693
p.global[3]    1.012045   1.040108
p.fac1[48,3]   1.011432   1.021907
p.fac1[5,3]    1.011119   1.026730
p.fac1[24,4]   1.009450   1.026516


And here are the Gelman diagnostics for all variables:

               Point est. Upper C.I.
deviance        0.9997285  1.0000370
fac1.sig        1.0011046  1.0052008
ilr.fac1[1,1]   1.0017706  1.0047814
ilr.fac1[1,2]   0.9998178  1.0000832
ilr.fac1[1,3]   1.0022280  1.0067397
ilr.fac1[1,4]   1.0011046  1.0039277
ilr.fac1[10,1]  1.0051955  1.0185090
ilr.fac1[10,2]  1.0004435  1.0026215
ilr.fac1[10,3]  1.0015540  1.0064030
ilr.fac1[10,4]  1.0057457  1.0138760
ilr.fac1[11,1]  1.0011823  1.0026034
ilr.fac1[11,2]  1.0031773  1.0071493
ilr.fac1[11,3]  1.0000959  1.0016673
ilr.fac1[11,4]  1.0004860  1.0018381
ilr.fac1[12,1]  1.0007626  1.0031229
ilr.fac1[12,2]  1.0011864  1.0026567
ilr.fac1[12,3]  0.9997087  0.9998965
ilr.fac1[12,4]  1.0004472  1.0026979
ilr.fac1[13,1]  1.0012540  1.0040304
ilr.fac1[13,2]  1.0008811  1.0014614
ilr.fac1[13,3]  1.0003678  1.0025573
ilr.fac1[13,4]  1.0008510  1.0037999
ilr.fac1[14,1]  1.0043612  1.0085257
ilr.fac1[14,2]  1.0018905  1.0068973
ilr.fac1[14,3]  0.9998354  1.0005298
ilr.fac1[14,4]  1.0003337  1.0014863
ilr.fac1[15,1]  1.0003566  1.0003592
ilr.fac1[15,2]  1.0006402  1.0015922
ilr.fac1[15,3]  1.0016378  1.0065714
ilr.fac1[15,4]  1.0033842  1.0124858
ilr.fac1[16,1]  1.0012188  1.0043598
ilr.fac1[16,2]  0.9999486  1.0009711
ilr.fac1[16,3]  1.0009432  1.0044002
ilr.fac1[16,4]  1.0011504  1.0052148
ilr.fac1[17,1]  1.0069872  1.0158290
ilr.fac1[17,2]  1.0010215  1.0018381
ilr.fac1[17,3]  1.0017122  1.0075237
ilr.fac1[17,4]  1.0004249  1.0028688
ilr.fac1[18,1]  1.0000833  1.0003787
ilr.fac1[18,2]  1.0003263  1.0012744
ilr.fac1[18,3]  1.0000477  1.0004631
ilr.fac1[18,4]  1.0015087  1.0060978
ilr.fac1[19,1]  1.0005484  1.0029211
ilr.fac1[19,2]  1.0004299  1.0015207
ilr.fac1[19,3]  0.9998973  1.0007872
ilr.fac1[19,4]  1.0063568  1.0142145
ilr.fac1[2,1]   1.0001911  1.0014661
ilr.fac1[2,2]   0.9997297  1.0000412
ilr.fac1[2,3]   1.0030769  1.0121459
ilr.fac1[2,4]   1.0009122  1.0043919
ilr.fac1[20,1]  1.0010552  1.0021036
ilr.fac1[20,2]  1.0012173  1.0035959
ilr.fac1[20,3]  0.9998453  1.0001852
ilr.fac1[20,4]  1.0002624  1.0006013
ilr.fac1[21,1]  1.0010462  1.0031812
ilr.fac1[21,2]  1.0036686  1.0123368
ilr.fac1[21,3]  1.0004640  1.0027685
ilr.fac1[21,4]  1.0005825  1.0031570
ilr.fac1[22,1]  1.0009123  1.0038551
ilr.fac1[22,2]  1.0002393  1.0012810
ilr.fac1[22,3]  1.0002275  1.0018830
ilr.fac1[22,4]  1.0004248  1.0011569
ilr.fac1[23,1]  1.0054090  1.0185422
ilr.fac1[23,2]  1.0018664  1.0054026
ilr.fac1[23,3]  1.0030907  1.0069871
ilr.fac1[23,4]  1.0002681  1.0018232
ilr.fac1[24,1]  1.0028571  1.0099936
ilr.fac1[24,2]  1.0086388  1.0191501
ilr.fac1[24,3]  1.0006595  1.0034352
ilr.fac1[24,4]  1.0004389  1.0018260
ilr.fac1[25,1]  1.0011634  1.0028233
ilr.fac1[25,2]  1.0049037  1.0117014
ilr.fac1[25,3]  1.0001192  1.0005521
ilr.fac1[25,4]  1.0008740  1.0019068
ilr.fac1[26,1]  1.0013320  1.0061942
ilr.fac1[26,2]  1.0031997  1.0101570
ilr.fac1[26,3]  1.0013187  1.0057418
ilr.fac1[26,4]  1.0017753  1.0041023
ilr.fac1[27,1]  1.0033971  1.0129658
ilr.fac1[27,2]  1.0030841  1.0098521
ilr.fac1[27,3]  1.0008511  1.0041599
ilr.fac1[27,4]  1.0013498  1.0035707
ilr.fac1[28,1]  1.0017280  1.0063551
ilr.fac1[28,2]  1.0004290  1.0007996
ilr.fac1[28,3]  1.0002200  1.0010499
ilr.fac1[28,4]  1.0001843  1.0009212
ilr.fac1[29,1]  1.0049373  1.0155232
ilr.fac1[29,2]  1.0001786  1.0018980
ilr.fac1[29,3]  0.9998906  1.0006063
ilr.fac1[29,4]  1.0001538  1.0007600
ilr.fac1[3,1]   1.0020629  1.0074857
ilr.fac1[3,2]   1.0026389  1.0037263
ilr.fac1[3,3]   0.9997371  1.0003141
ilr.fac1[3,4]   1.0008703  1.0010205
ilr.fac1[30,1]  1.0007629  1.0035247
ilr.fac1[30,2]  1.0027068  1.0066383
ilr.fac1[30,3]  1.0003522  1.0020954
ilr.fac1[30,4]  0.9997631  1.0000207
ilr.fac1[31,1]  1.0041891  1.0157223
ilr.fac1[31,2]  1.0020410  1.0030284
ilr.fac1[31,3]  1.0005386  1.0025390
ilr.fac1[31,4]  1.0011585  1.0051919
ilr.fac1[32,1]  1.0002001  1.0016756
ilr.fac1[32,2]  1.0025222  1.0030364
ilr.fac1[32,3]  1.0017918  1.0072747
ilr.fac1[32,4]  1.0009742  1.0018809
ilr.fac1[33,1]  1.0021058  1.0053677
ilr.fac1[33,2]  1.0007732  1.0014150
ilr.fac1[33,3]  0.9998470  1.0005637
ilr.fac1[33,4]  1.0011725  1.0038718
ilr.fac1[34,1]  1.0006662  1.0019428
ilr.fac1[34,2]  1.0000438  1.0007526
ilr.fac1[34,3]  1.0011142  1.0036640
ilr.fac1[34,4]  1.0061212  1.0194123
ilr.fac1[35,1]  1.0008448  1.0022718
ilr.fac1[35,2]  1.0002293  1.0005941
ilr.fac1[35,3]  1.0020903  1.0088817
ilr.fac1[35,4]  1.0027594  1.0065363
ilr.fac1[36,1]  1.0009239  1.0041879
ilr.fac1[36,2]  1.0022635  1.0046910
ilr.fac1[36,3]  0.9998612  0.9999014
ilr.fac1[36,4]  1.0007406  1.0020576
ilr.fac1[37,1]  1.0004297  1.0028874
ilr.fac1[37,2]  0.9996739  0.9997542
ilr.fac1[37,3]  0.9997657  1.0000706
ilr.fac1[37,4]  1.0004968  1.0031374
ilr.fac1[38,1]  1.0007820  1.0038337
ilr.fac1[38,2]  1.0034885  1.0039936
ilr.fac1[38,3]  1.0014741  1.0065493
ilr.fac1[38,4]  1.0003779  1.0021715
ilr.fac1[39,1]  1.0020937  1.0080827
ilr.fac1[39,2]  0.9996488  0.9998126
ilr.fac1[39,3]  0.9998455  1.0001805
ilr.fac1[39,4]  0.9999988  1.0001425
ilr.fac1[4,1]   1.0036511  1.0130324
ilr.fac1[4,2]   1.0001394  1.0002878
ilr.fac1[4,3]   1.0005304  1.0018708
ilr.fac1[4,4]   1.0018589  1.0022750
ilr.fac1[40,1]  1.0005198  1.0013323
ilr.fac1[40,2]  1.0039736  1.0088088
ilr.fac1[40,3]  0.9998299  1.0004299
ilr.fac1[40,4]  0.9998179  0.9999643
ilr.fac1[41,1]  1.0035769  1.0040400
ilr.fac1[41,2]  1.0013168  1.0028628
ilr.fac1[41,3]  1.0016798  1.0066334
ilr.fac1[41,4]  1.0014488  1.0065820
ilr.fac1[42,1]  1.0045194  1.0107066
ilr.fac1[42,2]  1.0009373  1.0032542
ilr.fac1[42,3]  0.9999693  1.0002211
ilr.fac1[42,4]  1.0014864  1.0062256
ilr.fac1[43,1]  1.0007797  1.0037145
ilr.fac1[43,2]  1.0023093  1.0073410
ilr.fac1[43,3]  1.0036362  1.0130627
ilr.fac1[43,4]  1.0017650  1.0065361
ilr.fac1[44,1]  1.0007326  1.0022183
ilr.fac1[44,2]  1.0001343  1.0007006
ilr.fac1[44,3]  1.0012580  1.0054447
ilr.fac1[44,4]  1.0006289  1.0012034
ilr.fac1[45,1]  1.0005522  1.0030162
ilr.fac1[45,2]  1.0013187  1.0060490
ilr.fac1[45,3]  1.0068105  1.0095337
ilr.fac1[45,4]  1.0004027  1.0015347
ilr.fac1[46,1]  1.0008831  1.0035564
ilr.fac1[46,2]  1.0016254  1.0064476
ilr.fac1[46,3]  0.9999804  1.0012193
ilr.fac1[46,4]  1.0024053  1.0027801
ilr.fac1[47,1]  1.0014741  1.0043473
ilr.fac1[47,2]  1.0018348  1.0070490
ilr.fac1[47,3]  1.0012116  1.0057131
ilr.fac1[47,4]  1.0031102  1.0102966
ilr.fac1[48,1]  0.9998930  1.0008078
ilr.fac1[48,2]  1.0027065  1.0069592
ilr.fac1[48,3]  1.0005597  1.0032512
ilr.fac1[48,4]  1.0027615  1.0072877
ilr.fac1[49,1]  1.0028201  1.0069968
ilr.fac1[49,2]  1.0012354  1.0056835
ilr.fac1[49,3]  0.9998103  1.0002424
ilr.fac1[49,4]  1.0017566  1.0064646
ilr.fac1[5,1]   1.0004958  1.0016139
ilr.fac1[5,2]   1.0000076  1.0010370
ilr.fac1[5,3]   1.0017314  1.0055166
ilr.fac1[5,4]   1.0003169  1.0005237
ilr.fac1[50,1]  1.0017699  1.0040216
ilr.fac1[50,2]  1.0003403  1.0011519
ilr.fac1[50,3]  1.0023986  1.0079940
ilr.fac1[50,4]  1.0017930  1.0032780
ilr.fac1[51,1]  1.0026784  1.0058297
ilr.fac1[51,2]  1.0063616  1.0090099
ilr.fac1[51,3]  1.0002840  1.0011554
ilr.fac1[51,4]  1.0003585  1.0020867
ilr.fac1[52,1]  1.0030222  1.0056534
ilr.fac1[52,2]  1.0042448  1.0157352
ilr.fac1[52,3]  1.0000433  1.0010474
ilr.fac1[52,4]  0.9999274  1.0001273
ilr.fac1[53,1]  1.0009582  1.0018508
ilr.fac1[53,2]  1.0033320  1.0041136
ilr.fac1[53,3]  1.0009796  1.0043979
ilr.fac1[53,4]  1.0003360  1.0008245
ilr.fac1[54,1]  1.0050633  1.0186106
ilr.fac1[54,2]  1.0000654  1.0015639
ilr.fac1[54,3]  0.9999344  1.0006671
ilr.fac1[54,4]  0.9999231  1.0000974
ilr.fac1[55,1]  1.0015331  1.0039677
ilr.fac1[55,2]  1.0031984  1.0032618
ilr.fac1[55,3]  1.0002333  1.0014953
ilr.fac1[55,4]  1.0009926  1.0036127
ilr.fac1[6,1]   1.0018167  1.0062863
ilr.fac1[6,2]   1.0002519  1.0021641
ilr.fac1[6,3]   1.0029472  1.0114355
ilr.fac1[6,4]   1.0011763  1.0047639
ilr.fac1[7,1]   1.0008116  1.0033510
ilr.fac1[7,2]   0.9996915  1.0000421
ilr.fac1[7,3]   0.9997155  1.0001565
ilr.fac1[7,4]   1.0000831  1.0015965
ilr.fac1[8,1]   1.0025929  1.0087657
ilr.fac1[8,2]   1.0015232  1.0064747
ilr.fac1[8,3]   1.0004839  1.0028062
ilr.fac1[8,4]   0.9996603  0.9998064
ilr.fac1[9,1]   1.0005232  1.0016938
ilr.fac1[9,2]   1.0008615  1.0019042
ilr.fac1[9,3]   1.0001619  1.0018040
ilr.fac1[9,4]   1.0034900  1.0116330
loglik[1]       1.0001271  1.0015416
loglik[10]      1.0017504  1.0056366
loglik[100]     1.0014003  1.0042287
loglik[101]     0.9999893  1.0006859
loglik[102]     1.0002541  1.0013225
loglik[103]     1.0002300  1.0014429
loglik[104]     1.0000462  1.0005646
loglik[105]     1.0022125  1.0052102
loglik[106]     1.0005381  1.0024769
loglik[107]     1.0007978  1.0016927
loglik[108]     1.0037132  1.0069525
loglik[109]     1.0000146  1.0006095
loglik[11]      0.9999567  1.0009752
loglik[110]     0.9999999  1.0001881
loglik[111]     1.0018211  1.0031385
loglik[112]     1.0008375  1.0023006
loglik[113]     1.0011908  1.0053342
loglik[114]     1.0004282  1.0028282
loglik[115]     1.0006405  1.0030962
loglik[116]     1.0003901  1.0011459
loglik[117]     1.0002281  1.0019968
loglik[118]     1.0005839  1.0022198
loglik[119]     0.9999459  1.0010029
loglik[12]      1.0017016  1.0043152
loglik[120]     0.9999690  1.0006481
loglik[121]     1.0000029  1.0007314
loglik[122]     1.0010725  1.0045839
loglik[123]     1.0000091  1.0009436
loglik[124]     1.0002527  1.0015078
loglik[125]     1.0016578  1.0016624
loglik[126]     1.0011232  1.0019244
loglik[127]     1.0016370  1.0071594
loglik[128]     1.0012889  1.0057728
loglik[129]     1.0007770  1.0010807
loglik[13]      1.0009322  1.0017662
loglik[130]     1.0017571  1.0036695
loglik[131]     1.0004842  1.0022269
loglik[132]     1.0005620  1.0023203
loglik[133]     1.0005404  1.0007632
loglik[134]     1.0013821  1.0042096
loglik[135]     1.0042327  1.0130843
loglik[136]     1.0021103  1.0090570
loglik[137]     1.0003357  1.0025358
loglik[138]     1.0006893  1.0032483
loglik[139]     0.9998415  1.0007282
loglik[14]      0.9997819  1.0003921
loglik[140]     0.9998236  1.0005868
loglik[141]     1.0036705  1.0102069
loglik[142]     1.0013355  1.0018321
loglik[143]     0.9996736  0.9998526
loglik[144]     1.0002541  1.0012478
loglik[145]     1.0019374  1.0083080
loglik[146]     1.0010960  1.0038842
loglik[147]     0.9997291  1.0002948
loglik[148]     1.0003603  1.0021823
loglik[149]     0.9996849  0.9997579
loglik[15]      1.0010199  1.0033898
loglik[150]     1.0000083  1.0002940
loglik[151]     0.9999582  1.0002075
loglik[152]     1.0029897  1.0085624
loglik[153]     1.0001424  1.0010565
loglik[154]     1.0003614  1.0024290
loglik[155]     1.0009600  1.0026253
loglik[156]     1.0001979  1.0005315
loglik[157]     1.0002130  1.0009759
loglik[16]      1.0030314  1.0058261
loglik[17]      1.0000210  1.0008805
loglik[18]      1.0005470  1.0019990
loglik[19]      1.0010488  1.0040599
loglik[2]       1.0015552  1.0040087
loglik[20]      1.0002435  1.0016453
loglik[21]      1.0020488  1.0043059
loglik[22]      1.0008922  1.0045079
loglik[23]      1.0020664  1.0046592
loglik[24]      1.0005612  1.0029017
loglik[25]      1.0014578  1.0046638
loglik[26]      1.0078918  1.0288323
loglik[27]      1.0012767  1.0019836
loglik[28]      1.0001277  1.0014133
loglik[29]      1.0024680  1.0085998
loglik[3]       1.0003041  1.0007006
loglik[30]      1.0011893  1.0050976
loglik[31]      0.9999580  1.0009377
loglik[32]      1.0009631  1.0040760
loglik[33]      1.0012950  1.0032049
loglik[34]      1.0000028  1.0002551
loglik[35]      1.0012331  1.0023860
loglik[36]      1.0018122  1.0034069
loglik[37]      1.0005866  1.0009033
loglik[38]      1.0001124  1.0009318
loglik[39]      1.0012318  1.0032639
loglik[4]       1.0001485  1.0006610
loglik[40]      1.0016547  1.0031076
loglik[41]      1.0027526  1.0035322
loglik[42]      0.9998780  1.0001819
loglik[43]      1.0042944  1.0102618
loglik[44]      0.9999339  1.0007805
loglik[45]      1.0003145  1.0018096
loglik[46]      1.0004786  1.0014741
loglik[47]      0.9998206  1.0002507
loglik[48]      1.0020988  1.0057815
loglik[49]      1.0008983  1.0017792
loglik[5]       1.0009428  1.0034230
loglik[50]      0.9997862  0.9999932
loglik[51]      1.0011446  1.0013693
loglik[52]      1.0013090  1.0045733
loglik[53]      1.0002226  1.0004914
loglik[54]      1.0009394  1.0031593
loglik[55]      1.0006716  1.0024528
loglik[56]      1.0001710  1.0011848
loglik[57]      0.9996773  1.0001008
loglik[58]      0.9997576  1.0003349
loglik[59]      1.0002920  1.0010381
loglik[6]       1.0016821  1.0033890
loglik[60]      1.0029896  1.0068659
loglik[61]      1.0011808  1.0031323
loglik[62]      1.0031240  1.0079587
loglik[63]      1.0003989  1.0027532
loglik[64]      1.0001671  1.0005776
loglik[65]      1.0000177  1.0013174
loglik[66]      1.0004205  1.0028151
loglik[67]      1.0002690  1.0009291
loglik[68]      1.0014034  1.0027525
loglik[69]      1.0001082  1.0013483
loglik[7]       0.9997616  1.0000824
loglik[70]      1.0009885  1.0023877
loglik[71]      1.0020837  1.0052564
loglik[72]      1.0020174  1.0024904
loglik[73]      1.0007824  1.0034561
loglik[74]      0.9999276  1.0000099
loglik[75]      1.0001764  1.0002053
loglik[76]      1.0002208  1.0011298
loglik[77]      0.9998191  1.0003437
loglik[78]      1.0018288  1.0058470
loglik[79]      1.0012506  1.0040592
loglik[8]       1.0004125  1.0017532
loglik[80]      0.9999866  1.0002104
loglik[81]      1.0013646  1.0053042
loglik[82]      1.0005603  1.0007282
loglik[83]      1.0007816  1.0012851
loglik[84]      1.0001828  1.0018258
loglik[85]      0.9999687  1.0012062
loglik[86]      1.0002371  1.0012441
loglik[87]      1.0021331  1.0040433
loglik[88]      1.0028338  1.0053637
loglik[89]      0.9998223  0.9998674
loglik[9]       1.0016519  1.0061436
loglik[90]      0.9998628  0.9998861
loglik[91]      1.0014161  1.0055102
loglik[92]      1.0016161  1.0052641
loglik[93]      1.0005514  1.0030633
loglik[94]      0.9997927  1.0000385
loglik[95]      1.0001108  1.0004100
loglik[96]      1.0002654  1.0020142
loglik[97]      1.0015135  1.0040818
loglik[98]      1.0011721  1.0056412
loglik[99]      1.0000459  1.0001424
p.fac1[1,1]     1.0034659  1.0084549
p.fac1[1,2]     1.0034535  1.0137319
p.fac1[1,3]     1.0014998  1.0064333
p.fac1[1,4]     1.0040388  1.0047930
p.fac1[1,5]     1.0002099  1.0015119
p.fac1[10,1]    1.0000225  1.0002432
p.fac1[10,2]    1.0011561  1.0016764
p.fac1[10,3]    0.9995652  0.9997404
p.fac1[10,4]    0.9997225  0.9999355
p.fac1[10,5]    1.0014921  1.0039064
p.fac1[11,1]    1.0039436  1.0137483
p.fac1[11,2]    1.0012379  1.0036013
p.fac1[11,3]    1.0013364  1.0052637
p.fac1[11,4]    1.0062781  1.0160942
p.fac1[11,5]    1.0009048  1.0029872
p.fac1[12,1]    1.0008552  1.0044469
p.fac1[12,2]    0.9997899  1.0004242
p.fac1[12,3]    1.0001711  1.0008918
p.fac1[12,4]    1.0014086  1.0052236
p.fac1[12,5]    0.9996694  0.9998838
p.fac1[13,1]    1.0004433  1.0025626
p.fac1[13,2]    1.0016838  1.0074085
p.fac1[13,3]    1.0012261  1.0046300
p.fac1[13,4]    1.0005829  1.0016790
p.fac1[13,5]    1.0037826  1.0130431
p.fac1[14,1]    1.0026659  1.0090661
p.fac1[14,2]    0.9997903  1.0001494
p.fac1[14,3]    1.0004544  1.0018286
p.fac1[14,4]    1.0071154  1.0178156
p.fac1[14,5]    1.0006491  1.0018898
p.fac1[15,1]    1.0031857  1.0125360
p.fac1[15,2]    1.0002262  1.0020965
p.fac1[15,3]    1.0016129  1.0065794
p.fac1[15,4]    1.0042885  1.0150831
p.fac1[15,5]    1.0014069  1.0063640
p.fac1[16,1]    1.0008889  1.0038576
p.fac1[16,2]    1.0020595  1.0046691
p.fac1[16,3]    1.0020739  1.0037939
p.fac1[16,4]    1.0015733  1.0021204
p.fac1[16,5]    1.0051562  1.0060842
p.fac1[17,1]    1.0003844  1.0012166
p.fac1[17,2]    1.0030949  1.0125357
p.fac1[17,3]    1.0033556  1.0134622
p.fac1[17,4]    1.0019518  1.0033009
p.fac1[17,5]    0.9999500  1.0002322
p.fac1[18,1]    1.0009507  1.0017775
p.fac1[18,2]    1.0030151  1.0095610
p.fac1[18,3]    1.0019871  1.0046324
p.fac1[18,4]    1.0016884  1.0027279
p.fac1[18,5]    1.0026711  1.0063361
p.fac1[19,1]    1.0029829  1.0110258
p.fac1[19,2]    1.0007631  1.0041173
p.fac1[19,3]    1.0054144  1.0147905
p.fac1[19,4]    1.0012667  1.0046692
p.fac1[19,5]    1.0045430  1.0121363
p.fac1[2,1]     1.0007014  1.0038778
p.fac1[2,2]     1.0035996  1.0135228
p.fac1[2,3]     1.0018406  1.0075096
p.fac1[2,4]     0.9996741  0.9998946
p.fac1[2,5]     1.0002549  1.0022472
p.fac1[20,1]    1.0018345  1.0056779
p.fac1[20,2]    1.0034964  1.0137606
p.fac1[20,3]    1.0041088  1.0141966
p.fac1[20,4]    0.9995847  0.9997061
p.fac1[20,5]    1.0083740  1.0150926
p.fac1[21,1]    1.0045293  1.0162222
p.fac1[21,2]    1.0011857  1.0054687
p.fac1[21,3]    0.9996959  1.0001142
p.fac1[21,4]    1.0061682  1.0223084
p.fac1[21,5]    0.9998103  1.0001522
p.fac1[22,1]    1.0048445  1.0173680
p.fac1[22,2]    1.0001701  1.0018381
p.fac1[22,3]    1.0033467  1.0094698
p.fac1[22,4]    1.0069809  1.0264825
p.fac1[22,5]    1.0001234  1.0012743
p.fac1[23,1]    1.0008465  1.0039625
p.fac1[23,2]    1.0020564  1.0060866
p.fac1[23,3]    1.0019771  1.0037067
p.fac1[23,4]    1.0020597  1.0087676
p.fac1[23,5]    1.0002080  1.0010283
p.fac1[24,1]    1.0034822  1.0097184
p.fac1[24,2]    1.0049497  1.0074940
p.fac1[24,3]    1.0037829  1.0078687
p.fac1[24,4]    1.0094498  1.0265158
p.fac1[24,5]    1.0061036  1.0128439
p.fac1[25,1]    1.0018119  1.0067891
p.fac1[25,2]    1.0005371  1.0010783
p.fac1[25,3]    1.0013113  1.0040418
p.fac1[25,4]    1.0015406  1.0046804
p.fac1[25,5]    1.0010744  1.0028012
p.fac1[26,1]    1.0031335  1.0110032
p.fac1[26,2]    0.9996406  0.9998871
p.fac1[26,3]    1.0007105  1.0037391
p.fac1[26,4]    1.0019767  1.0035546
p.fac1[26,5]    0.9999218  1.0009645
p.fac1[27,1]    0.9998681  1.0004861
p.fac1[27,2]    1.0001161  1.0004557
p.fac1[27,3]    1.0001399  1.0014808
p.fac1[27,4]    1.0000199  1.0012975
p.fac1[27,5]    1.0001004  1.0013764
p.fac1[28,1]    1.0018376  1.0050100
p.fac1[28,2]    1.0008371  1.0034449
p.fac1[28,3]    1.0012672  1.0056903
p.fac1[28,4]    1.0092354  1.0184198
p.fac1[28,5]    1.0015370  1.0040065
p.fac1[29,1]    1.0024355  1.0075832
p.fac1[29,2]    0.9997410  0.9998883
p.fac1[29,3]    1.0003104  1.0021539
p.fac1[29,4]    1.0036420  1.0102246
p.fac1[29,5]    1.0001582  1.0012681
p.fac1[3,1]     1.0004192  1.0023935
p.fac1[3,2]     1.0019660  1.0024915
p.fac1[3,3]     1.0012364  1.0046671
p.fac1[3,4]     1.0025163  1.0064097
p.fac1[3,5]     0.9997585  0.9999228
p.fac1[30,1]    0.9998516  0.9998783
p.fac1[30,2]    1.0049697  1.0190521
p.fac1[30,3]    1.0047554  1.0169651
p.fac1[30,4]    1.0011152  1.0024604
p.fac1[30,5]    1.0006331  1.0016872
p.fac1[31,1]    1.0025203  1.0056890
 [ reached getOption("max.print") -- omitted 161 rows ]

################################################################################
# Geweke Diagnostic
################################################################################

The Geweke diagnostic is a standard z-score, so we'd expect 5% to be outside +/-1.96
Number of variables outside +/-1.96 in each chain (out of 
661
):


       Chain 1 Chain 2 Chain 3
Geweke      75      64      45


And here are the Geweke diagnostics for all variables:

               chain1 chain2 chain3
deviance        1.071  0.525 -0.899
fac1.sig        0.603  0.166  0.285
ilr.fac1[1,1]  -0.012 -1.038 -2.251
ilr.fac1[1,2]   0.719 -2.322 -0.703
ilr.fac1[1,3]  -2.411  0.847  2.389
ilr.fac1[1,4]  -0.926  1.627  0.556
ilr.fac1[10,1]  1.090  0.083  0.493
ilr.fac1[10,2] -1.310 -0.299 -0.459
ilr.fac1[10,3]  0.568  1.568 -0.283
ilr.fac1[10,4] -0.760 -1.171 -1.882
ilr.fac1[11,1]  1.188  1.663 -0.552
ilr.fac1[11,2] -0.392 -0.552 -0.768
ilr.fac1[11,3]  0.204  2.230  0.604
ilr.fac1[11,4]  0.411  1.183 -0.745
ilr.fac1[12,1]  0.941 -0.484 -1.275
ilr.fac1[12,2]  0.552 -1.051 -1.088
ilr.fac1[12,3] -0.435  0.634  0.028
ilr.fac1[12,4]  0.219 -0.433 -1.284
ilr.fac1[13,1]  3.092 -1.383 -1.024
ilr.fac1[13,2]  2.319 -1.954  0.740
ilr.fac1[13,3]  0.440  0.061 -1.955
ilr.fac1[13,4]  0.310 -0.297  0.697
ilr.fac1[14,1]  0.510  1.455 -0.614
ilr.fac1[14,2]  1.222 -1.468  0.074
ilr.fac1[14,3] -0.456  2.584  0.129
ilr.fac1[14,4] -0.553  0.676 -0.117
ilr.fac1[15,1] -0.456  0.635 -3.228
ilr.fac1[15,2]  1.445  0.813  0.538
ilr.fac1[15,3] -1.371  0.186  1.234
ilr.fac1[15,4] -2.145 -2.219 -0.486
ilr.fac1[16,1] -0.039  0.338 -2.336
ilr.fac1[16,2]  0.965  1.090 -1.904
ilr.fac1[16,3] -2.044 -0.870  0.737
ilr.fac1[16,4] -0.078  0.090 -0.158
ilr.fac1[17,1] -0.455  0.899 -1.506
ilr.fac1[17,2] -0.059  0.950 -0.137
ilr.fac1[17,3] -0.681 -0.069 -0.500
ilr.fac1[17,4]  0.368 -0.214 -0.563
ilr.fac1[18,1] -0.294 -0.073 -0.384
ilr.fac1[18,2]  0.636  0.122 -1.187
ilr.fac1[18,3] -0.919 -0.160 -0.972
ilr.fac1[18,4] -1.832 -1.308 -0.041
ilr.fac1[19,1]  0.240  1.056  0.797
ilr.fac1[19,2] -0.381  0.167  0.751
ilr.fac1[19,3] -0.801  0.433  0.704
ilr.fac1[19,4] -0.086 -0.654  0.471
ilr.fac1[2,1]  -0.463  0.760 -1.966
ilr.fac1[2,2]   0.254 -0.706 -0.601
ilr.fac1[2,3]  -0.018  0.543  0.051
ilr.fac1[2,4]  -1.878  1.573 -0.779
ilr.fac1[20,1]  0.611 -1.144 -3.004
ilr.fac1[20,2]  2.456 -0.924 -0.977
ilr.fac1[20,3]  0.154 -0.178 -0.319
ilr.fac1[20,4] -3.064  0.843  0.189
ilr.fac1[21,1] -0.008  0.118 -1.769
ilr.fac1[21,2]  0.753  0.437  0.003
ilr.fac1[21,3] -1.178  0.009  0.449
ilr.fac1[21,4]  0.289 -1.229 -1.172
ilr.fac1[22,1]  1.199 -0.129  0.871
ilr.fac1[22,2] -0.466 -0.250  0.476
ilr.fac1[22,3] -0.256  0.728  0.209
ilr.fac1[22,4]  0.310  0.005 -0.388
ilr.fac1[23,1]  0.605 -0.646 -0.104
ilr.fac1[23,2] -0.443  2.100 -1.455
ilr.fac1[23,3] -1.592  0.479 -1.437
ilr.fac1[23,4] -1.218  0.339 -1.856
ilr.fac1[24,1]  0.939 -0.564  0.074
ilr.fac1[24,2]  0.132  1.333 -2.142
ilr.fac1[24,3] -1.340  1.238 -1.565
ilr.fac1[24,4]  0.963 -0.762 -1.352
ilr.fac1[25,1] -0.276  0.482  0.715
ilr.fac1[25,2]  1.203 -0.203  0.336
ilr.fac1[25,3]  0.838  0.709  1.161
ilr.fac1[25,4] -0.358 -0.676  0.243
ilr.fac1[26,1]  1.541  1.527  0.784
ilr.fac1[26,2] -1.533  0.210 -0.428
ilr.fac1[26,3]  1.259  0.065  1.355
ilr.fac1[26,4]  2.304 -0.049 -0.374
ilr.fac1[27,1]  2.204  0.443 -0.382
ilr.fac1[27,2] -0.932  0.267  0.251
ilr.fac1[27,3]  0.124  0.767  1.746
ilr.fac1[27,4]  0.578  1.771 -1.533
ilr.fac1[28,1] -0.480 -0.158 -0.566
ilr.fac1[28,2]  1.409  0.903 -0.270
ilr.fac1[28,3] -0.779 -0.411  0.750
ilr.fac1[28,4] -0.128 -0.860  0.997
ilr.fac1[29,1]  0.880 -0.334 -1.388
ilr.fac1[29,2]  1.103  0.539 -2.020
ilr.fac1[29,3] -1.665 -0.063  0.772
ilr.fac1[29,4] -0.270  0.244 -1.007
ilr.fac1[3,1]   2.122  0.094 -0.442
ilr.fac1[3,2]   1.020  1.316  0.622
ilr.fac1[3,3]   1.633 -0.205 -0.427
ilr.fac1[3,4]  -0.631  0.053  0.128
ilr.fac1[30,1]  0.439  0.523 -2.062
ilr.fac1[30,2] -0.956 -0.731  0.119
ilr.fac1[30,3] -0.171  1.066 -0.036
ilr.fac1[30,4] -0.609 -1.258  0.035
ilr.fac1[31,1]  1.343 -0.825 -1.502
ilr.fac1[31,2] -0.347  1.233 -0.584
ilr.fac1[31,3]  0.726  0.563  0.154
ilr.fac1[31,4]  0.101  0.329 -1.522
ilr.fac1[32,1] -1.831  0.705 -1.558
ilr.fac1[32,2]  1.813 -0.689 -1.184
ilr.fac1[32,3] -0.547 -0.329  0.442
ilr.fac1[32,4] -0.964  0.683  2.133
ilr.fac1[33,1] -1.003 -0.058 -2.269
ilr.fac1[33,2] -0.631 -0.851 -0.159
ilr.fac1[33,3] -0.405 -2.091 -1.716
ilr.fac1[33,4] -0.419 -0.831  0.538
ilr.fac1[34,1]  0.120 -0.198 -0.189
ilr.fac1[34,2]  1.597 -0.636  0.497
ilr.fac1[34,3] -0.252 -0.098  0.959
ilr.fac1[34,4] -1.041 -2.126 -0.510
ilr.fac1[35,1]  0.331 -0.517 -1.375
ilr.fac1[35,2]  1.255  0.092  1.151
ilr.fac1[35,3] -0.537 -0.535 -2.299
ilr.fac1[35,4] -0.185  0.502 -0.484
ilr.fac1[36,1] -1.116 -0.502 -1.557
ilr.fac1[36,2]  1.642  1.680  0.235
ilr.fac1[36,3]  0.133  1.921  0.562
ilr.fac1[36,4] -0.323 -0.071  0.430
ilr.fac1[37,1] -0.248  0.787 -1.661
ilr.fac1[37,2]  2.177 -0.279 -0.357
ilr.fac1[37,3]  0.420  0.773  0.549
ilr.fac1[37,4] -0.882 -0.438  0.503
ilr.fac1[38,1]  1.052 -0.323 -1.552
ilr.fac1[38,2] -0.054 -1.008 -0.220
ilr.fac1[38,3] -0.239  0.671  1.756
ilr.fac1[38,4] -0.147 -0.597 -1.147
ilr.fac1[39,1]  1.988  0.037 -0.553
ilr.fac1[39,2]  0.428  0.019  0.426
ilr.fac1[39,3]  2.373 -0.483  2.178
ilr.fac1[39,4] -2.405 -0.218  1.141
ilr.fac1[4,1]   0.491 -0.175 -0.671
ilr.fac1[4,2]   0.923 -1.829  0.296
ilr.fac1[4,3]  -1.668 -0.492  1.243
ilr.fac1[4,4]  -1.502 -0.515 -0.835
ilr.fac1[40,1]  0.323 -0.046 -1.371
ilr.fac1[40,2]  1.007 -0.278  0.403
ilr.fac1[40,3] -1.696  0.084 -0.369
ilr.fac1[40,4] -0.312  1.807 -0.759
ilr.fac1[41,1]  1.062 -0.527 -1.116
ilr.fac1[41,2]  1.987  0.154  1.263
ilr.fac1[41,3]  1.045  0.727  0.071
ilr.fac1[41,4] -0.540 -1.697 -0.258
ilr.fac1[42,1]  3.140  0.145 -0.620
ilr.fac1[42,2] -1.702 -0.506 -1.344
ilr.fac1[42,3] -4.100  0.292  1.077
ilr.fac1[42,4] -1.939 -1.203  0.169
ilr.fac1[43,1]  0.981  0.238 -1.229
ilr.fac1[43,2]  2.225  1.187 -0.367
ilr.fac1[43,3] -1.482  1.595 -0.862
ilr.fac1[43,4] -1.236 -1.004  0.150
ilr.fac1[44,1] -0.822  0.020 -0.304
ilr.fac1[44,2] -0.551  0.904  0.320
ilr.fac1[44,3] -2.003 -1.173  0.812
ilr.fac1[44,4]  0.960 -0.599  0.434
ilr.fac1[45,1]  2.423 -0.268  0.175
ilr.fac1[45,2]  0.287 -0.601 -0.457
ilr.fac1[45,3] -0.986 -1.173 -1.008
ilr.fac1[45,4] -0.735 -0.388 -0.173
ilr.fac1[46,1]  1.514 -0.397 -0.172
ilr.fac1[46,2] -0.538  0.757 -0.538
ilr.fac1[46,3]  0.716  0.423  0.382
ilr.fac1[46,4] -0.075 -1.040 -1.087
ilr.fac1[47,1]  1.384  0.958 -0.319
ilr.fac1[47,2]  0.508 -1.472  0.310
ilr.fac1[47,3] -1.829  0.056  1.127
ilr.fac1[47,4] -1.151 -1.233 -1.447
ilr.fac1[48,1]  0.536 -0.333 -2.393
ilr.fac1[48,2]  0.263  0.651 -2.108
ilr.fac1[48,3]  0.429 -0.969 -0.930
ilr.fac1[48,4] -1.583  0.404 -0.820
ilr.fac1[49,1]  0.526 -0.999 -1.612
ilr.fac1[49,2]  0.080  0.131 -1.492
ilr.fac1[49,3] -0.032 -1.338 -0.319
ilr.fac1[49,4] -0.588 -0.443  0.885
ilr.fac1[5,1]   0.888  2.285 -0.479
ilr.fac1[5,2]   1.114 -0.022 -0.208
ilr.fac1[5,3]   0.423 -0.165  0.856
ilr.fac1[5,4]  -0.346 -2.848 -0.931
ilr.fac1[50,1]  0.278 -1.502 -2.150
ilr.fac1[50,2]  0.968  0.233 -0.511
ilr.fac1[50,3] -1.503 -0.563 -0.987
ilr.fac1[50,4] -1.485 -2.396  0.177
ilr.fac1[51,1]  0.703  0.073 -2.616
ilr.fac1[51,2]  1.272 -0.034 -1.135
ilr.fac1[51,3]  0.937  0.029  1.047
ilr.fac1[51,4]  1.141 -1.449 -2.145
ilr.fac1[52,1] -1.528  0.640 -1.237
ilr.fac1[52,2] -1.221  0.503 -0.553
ilr.fac1[52,3] -1.701  1.085  0.347
ilr.fac1[52,4] -1.284 -1.321  0.224
ilr.fac1[53,1]  0.571  0.997 -0.545
ilr.fac1[53,2]  1.282 -0.396  0.866
ilr.fac1[53,3] -0.477  1.908  0.952
ilr.fac1[53,4]  0.129  0.527  0.351
ilr.fac1[54,1]  1.127 -0.542  0.397
ilr.fac1[54,2]  0.945 -0.160 -0.040
ilr.fac1[54,3]  0.150  0.845  1.251
ilr.fac1[54,4]  1.757  0.295 -0.885
ilr.fac1[55,1] -1.381  0.464 -0.514
ilr.fac1[55,2]  0.085  1.351  1.656
ilr.fac1[55,3] -0.447 -1.720  2.756
ilr.fac1[55,4] -0.245 -0.115 -1.757
ilr.fac1[6,1]  -0.646  0.723 -0.458
ilr.fac1[6,2]   0.306 -0.758  1.621
ilr.fac1[6,3]  -1.057  1.113  1.080
ilr.fac1[6,4]  -0.425  1.500 -0.272
ilr.fac1[7,1]   0.353 -0.429 -0.375
ilr.fac1[7,2]  -0.435  0.874 -0.441
ilr.fac1[7,3]  -0.191  1.278  2.157
ilr.fac1[7,4]   0.209 -0.020  1.232
ilr.fac1[8,1]  -0.621  0.970 -0.264
ilr.fac1[8,2]   2.303 -0.080  0.514
ilr.fac1[8,3]   0.557 -1.125  1.069
ilr.fac1[8,4]  -1.501 -0.311 -0.504
ilr.fac1[9,1]   2.344 -0.892 -0.308
ilr.fac1[9,2]   0.082  1.582 -0.184
ilr.fac1[9,3]   1.417  0.944 -0.010
ilr.fac1[9,4]   1.306 -2.042 -0.152
loglik[1]      -0.700 -0.444 -0.060
loglik[10]     -0.935  2.676 -0.122
loglik[100]     0.002  0.915  0.124
loglik[101]     0.431 -0.961  0.347
loglik[102]     0.461 -0.941 -0.570
loglik[103]    -0.800 -0.524 -0.747
loglik[104]    -1.005 -0.570 -0.708
loglik[105]     2.699  0.057  1.860
loglik[106]     2.613 -0.551  1.535
loglik[107]     0.453  0.325  2.986
loglik[108]    -0.431 -0.802  1.613
loglik[109]     2.067 -0.464  0.566
loglik[11]      0.177  1.435  1.186
loglik[110]     1.841 -0.460  0.660
loglik[111]    -0.977 -0.201 -0.815
loglik[112]    -1.001  0.791 -1.365
loglik[113]     0.984  0.676 -0.543
loglik[114]     0.320  1.071  0.513
loglik[115]     1.374  1.392  0.993
loglik[116]     1.699 -0.249 -1.038
loglik[117]     1.091 -1.898 -1.034
loglik[118]     0.319 -0.918  0.535
loglik[119]    -1.315 -0.628  0.071
loglik[12]      1.051 -0.195  0.298
loglik[120]    -1.460  0.416 -0.011
loglik[121]    -1.604 -1.107  1.266
loglik[122]    -1.439  0.037  0.566
loglik[123]     1.697  0.613  2.377
loglik[124]     2.111 -0.101  2.219
loglik[125]    -0.753 -0.692 -0.545
loglik[126]    -1.650 -0.042 -0.042
loglik[127]    -0.519  1.828 -0.151
loglik[128]    -0.279  2.040 -0.058
loglik[129]     0.938 -0.454  0.850
loglik[13]     -2.433  2.334 -1.057
loglik[130]    -1.224 -0.665 -0.741
loglik[131]    -1.875 -0.176  0.882
loglik[132]    -1.758 -0.167  1.116
loglik[133]    -1.894 -0.787  2.546
loglik[134]    -1.094  2.958  0.990
loglik[135]    -1.155 -1.468 -0.365
loglik[136]    -0.207  1.291 -0.056
loglik[137]    -1.552  2.045  0.262
loglik[138]    -2.390  0.115  0.598
loglik[139]    -0.224 -1.352 -0.371
loglik[14]     -0.957 -2.218  0.490
loglik[140]    -0.207 -1.275 -0.339
loglik[141]    -1.270 -0.075  0.098
loglik[142]    -0.341 -0.263  0.185
loglik[143]    -2.049  0.567  1.928
loglik[144]    -1.806  0.536  1.868
loglik[145]     1.188 -0.692 -0.396
loglik[146]    -1.005  0.144  0.952
loglik[147]     0.182 -0.509  0.598
loglik[148]     0.598 -0.068  1.089
loglik[149]    -2.198 -0.109  0.427
loglik[15]     -1.326 -2.219  0.264
loglik[150]    -1.226 -0.016  0.470
loglik[151]    -1.386 -0.303  0.647
loglik[152]    -0.355  0.244  0.945
loglik[153]    -0.938 -1.665  0.363
loglik[154]     0.741 -1.413 -0.036
loglik[155]    -0.533  0.103  0.783
loglik[156]     1.775 -0.926 -1.180
loglik[157]     0.540 -1.290 -0.364
loglik[16]     -0.309  2.915  0.532
loglik[17]     -1.382 -0.970  0.510
loglik[18]      0.216  0.991  0.203
loglik[19]     -2.401  0.650 -0.085
loglik[2]       1.792  0.653  0.237
loglik[20]      1.736  0.150  1.557
loglik[21]      1.565 -0.904  1.358
loglik[22]      0.777  0.862 -0.436
loglik[23]     -1.016  0.427  0.078
loglik[24]      2.132  0.684 -0.829
loglik[25]      0.838 -0.221 -0.525
loglik[26]      0.450 -1.894 -0.261
loglik[27]      0.442 -0.562 -0.173
loglik[28]     -1.417  0.140  0.343
loglik[29]     -0.728 -1.010 -0.291
loglik[3]      -1.316 -0.372 -0.189
loglik[30]     -1.959 -2.351 -0.219
loglik[31]     -2.102 -0.610 -0.490
loglik[32]     -2.012 -1.941 -0.319
loglik[33]      0.036 -1.993 -1.324
loglik[34]     -1.707 -1.649  0.628
loglik[35]     -0.391 -0.488 -0.442
loglik[36]     -1.268 -1.283  2.164
loglik[37]     -0.138  0.627 -0.719
loglik[38]      0.414  1.714 -0.396
loglik[39]     -0.956  2.616  0.682
loglik[4]      -3.723  0.878 -0.022
loglik[40]      0.538  0.275 -0.148
loglik[41]     -0.568 -0.035  0.596
loglik[42]     -0.762 -0.379  0.933
loglik[43]      0.546  1.704 -1.230
loglik[44]      1.249 -0.137 -0.215
loglik[45]      1.550  0.833  0.828
loglik[46]      0.926 -0.134 -0.524
loglik[47]      0.801 -0.749 -1.430
loglik[48]     -0.582 -1.697 -0.844
loglik[49]      0.143 -1.043  1.509
loglik[5]       0.720  0.178 -0.873
loglik[50]      1.204  0.557  1.077
loglik[51]     -0.397  0.858  0.498
loglik[52]     -0.532  0.420 -0.338
loglik[53]      0.896 -0.145  0.056
loglik[54]     -1.038  1.210  0.750
loglik[55]     -0.534  2.213  0.111
loglik[56]      0.126  0.085 -1.064
loglik[57]      0.841 -1.235 -0.274
 [ reached 'max' / getOption("max.print") -- omitted 328 rows ]
