
#################################################################
# Summary Statistics
#################################################################

DIC = 232.314

               Mean    SD  2.5%    5%   25%   50%   75%   95% 97.5%
Epsilon.1     0.029 0.009 0.015 0.017 0.023 0.028 0.035 0.045 0.050
Epsilon.2     0.027 0.004 0.020 0.020 0.024 0.026 0.029 0.034 0.036
Individual.SD 1.863 0.262 1.432 1.480 1.679 1.835 2.021 2.320 2.435
p.global.P01  0.350 0.084 0.195 0.216 0.291 0.347 0.406 0.485 0.519
p.global.P02  0.356 0.085 0.204 0.223 0.296 0.352 0.412 0.505 0.532
p.global.P03  0.153 0.062 0.049 0.062 0.108 0.147 0.190 0.266 0.295
p.global.P04  0.085 0.043 0.024 0.030 0.053 0.078 0.110 0.165 0.183
p.global.P05  0.057 0.030 0.013 0.016 0.034 0.052 0.075 0.113 0.128
p.G01.P01     0.031 0.032 0.001 0.001 0.008 0.021 0.043 0.097 0.119
p.G02.P01     0.135 0.083 0.005 0.009 0.064 0.134 0.197 0.276 0.300
p.G03.P01     0.195 0.117 0.006 0.013 0.095 0.201 0.287 0.382 0.406
p.G04.P01     0.100 0.078 0.003 0.005 0.037 0.085 0.151 0.246 0.271
p.G05.P01     0.056 0.060 0.001 0.002 0.013 0.036 0.079 0.177 0.220
p.G06.P01     0.033 0.033 0.001 0.001 0.008 0.022 0.047 0.101 0.118
p.G07.P01     0.039 0.038 0.001 0.002 0.010 0.027 0.056 0.117 0.140
p.G08.P01     0.864 0.129 0.580 0.668 0.812 0.897 0.950 0.988 0.993
p.G09.P01     0.346 0.155 0.029 0.053 0.242 0.366 0.459 0.572 0.610
p.G10.P01     0.694 0.140 0.276 0.450 0.648 0.719 0.779 0.853 0.880
p.G11.P01     0.370 0.167 0.022 0.049 0.260 0.389 0.495 0.607 0.646
p.G12.P01     0.570 0.210 0.057 0.112 0.471 0.619 0.712 0.842 0.884
p.G13.P01     0.113 0.075 0.004 0.008 0.049 0.107 0.169 0.246 0.271
p.G14.P01     0.501 0.153 0.089 0.168 0.431 0.529 0.603 0.698 0.730
p.G15.P01     0.435 0.238 0.015 0.037 0.233 0.465 0.631 0.780 0.825
p.G16.P01     0.026 0.030 0.000 0.001 0.005 0.015 0.036 0.091 0.111
p.G17.P01     0.076 0.058 0.002 0.004 0.029 0.065 0.112 0.189 0.215
p.G18.P01     0.909 0.074 0.744 0.789 0.875 0.925 0.961 0.990 0.995
p.G19.P01     0.214 0.149 0.004 0.011 0.078 0.207 0.330 0.464 0.501
p.G20.P01     0.051 0.047 0.001 0.002 0.013 0.038 0.078 0.144 0.165
p.G21.P01     0.207 0.161 0.003 0.007 0.067 0.184 0.319 0.499 0.553
p.G22.P01     0.178 0.130 0.004 0.007 0.065 0.164 0.272 0.403 0.451
p.G23.P01     0.443 0.142 0.115 0.176 0.367 0.451 0.535 0.652 0.705
p.G24.P01     0.366 0.122 0.060 0.117 0.304 0.384 0.451 0.530 0.563
p.G25.P01     0.071 0.056 0.002 0.004 0.025 0.059 0.105 0.179 0.203
p.G26.P01     0.164 0.117 0.003 0.008 0.062 0.155 0.248 0.367 0.407
p.G27.P01     0.567 0.144 0.157 0.277 0.504 0.589 0.660 0.756 0.787
p.G28.P01     0.347 0.125 0.051 0.096 0.278 0.368 0.432 0.523 0.547
p.G29.P01     0.554 0.149 0.147 0.257 0.485 0.585 0.654 0.738 0.766
p.G30.P01     0.016 0.017 0.000 0.001 0.004 0.010 0.022 0.050 0.062
p.G31.P01     0.736 0.130 0.418 0.510 0.680 0.755 0.816 0.908 0.937
p.G32.P01     0.133 0.087 0.005 0.009 0.060 0.126 0.195 0.284 0.313
p.G33.P01     0.173 0.094 0.008 0.017 0.099 0.181 0.245 0.317 0.339
p.G34.P01     0.232 0.127 0.009 0.018 0.128 0.248 0.335 0.416 0.432
p.G35.P01     0.715 0.126 0.421 0.504 0.655 0.728 0.795 0.890 0.925
p.G36.P01     0.577 0.137 0.210 0.329 0.514 0.595 0.663 0.757 0.795
p.G37.P01     0.913 0.069 0.738 0.787 0.881 0.928 0.962 0.991 0.994
p.G38.P01     0.062 0.050 0.001 0.003 0.020 0.050 0.094 0.158 0.183
p.G39.P01     0.889 0.090 0.690 0.743 0.850 0.906 0.951 0.988 0.993
p.G40.P01     0.038 0.038 0.001 0.002 0.009 0.025 0.055 0.114 0.141
p.G41.P01     0.157 0.087 0.007 0.014 0.087 0.164 0.219 0.296 0.315
p.G42.P01     0.656 0.140 0.319 0.417 0.584 0.678 0.747 0.839 0.881
p.G43.P01     0.113 0.073 0.005 0.009 0.052 0.107 0.168 0.240 0.264
p.G44.P01     0.235 0.122 0.012 0.023 0.141 0.246 0.329 0.419 0.442
p.G45.P01     0.189 0.154 0.003 0.006 0.054 0.157 0.297 0.486 0.521
p.G46.P01     0.386 0.144 0.038 0.088 0.307 0.411 0.486 0.585 0.615
p.G47.P01     0.704 0.154 0.284 0.427 0.641 0.727 0.801 0.905 0.944
p.G48.P01     0.035 0.039 0.000 0.001 0.007 0.021 0.050 0.116 0.144
p.G49.P01     0.206 0.107 0.009 0.020 0.121 0.218 0.289 0.365 0.390
p.G50.P01     0.153 0.106 0.003 0.007 0.057 0.145 0.237 0.331 0.357
p.G51.P01     0.090 0.064 0.003 0.007 0.036 0.081 0.135 0.208 0.231
p.G52.P01     0.063 0.050 0.002 0.004 0.022 0.051 0.093 0.163 0.181
p.G53.P01     0.267 0.117 0.024 0.051 0.191 0.278 0.353 0.441 0.470
p.G54.P01     0.883 0.116 0.586 0.701 0.846 0.908 0.959 0.990 0.994
p.G55.P01     0.053 0.046 0.002 0.003 0.017 0.042 0.078 0.144 0.169
p.G01.P02     0.643 0.113 0.410 0.454 0.567 0.646 0.727 0.816 0.840
p.G02.P02     0.601 0.114 0.351 0.402 0.532 0.605 0.679 0.779 0.806
p.G03.P02     0.520 0.134 0.148 0.272 0.462 0.537 0.606 0.697 0.743
p.G04.P02     0.623 0.120 0.355 0.422 0.557 0.635 0.708 0.792 0.816
p.G05.P02     0.169 0.120 0.002 0.007 0.064 0.160 0.256 0.376 0.408
p.G06.P02     0.561 0.132 0.312 0.360 0.477 0.553 0.647 0.785 0.815
p.G07.P02     0.805 0.089 0.617 0.646 0.749 0.810 0.869 0.941 0.961
p.G08.P02     0.033 0.034 0.000 0.001 0.007 0.021 0.048 0.105 0.125
p.G09.P02     0.164 0.135 0.003 0.007 0.048 0.134 0.254 0.415 0.456
p.G10.P02     0.038 0.042 0.001 0.002 0.009 0.024 0.051 0.119 0.148
p.G11.P02     0.172 0.131 0.004 0.008 0.059 0.149 0.262 0.410 0.457
p.G12.P02     0.101 0.086 0.002 0.004 0.031 0.078 0.151 0.270 0.309
p.G13.P02     0.724 0.094 0.524 0.560 0.667 0.729 0.787 0.870 0.896
p.G14.P02     0.142 0.098 0.005 0.011 0.063 0.130 0.203 0.325 0.362
p.G15.P02     0.154 0.101 0.006 0.012 0.070 0.145 0.222 0.329 0.366
p.G16.P02     0.923 0.065 0.760 0.801 0.891 0.940 0.971 0.992 0.996
p.G17.P02     0.647 0.108 0.428 0.474 0.577 0.649 0.718 0.822 0.849
p.G18.P02     0.025 0.027 0.000 0.001 0.006 0.016 0.036 0.083 0.097
p.G19.P02     0.362 0.190 0.009 0.021 0.222 0.393 0.504 0.643 0.680
p.G20.P02     0.851 0.080 0.676 0.713 0.798 0.857 0.911 0.973 0.985
p.G21.P02     0.046 0.050 0.001 0.002 0.010 0.029 0.064 0.143 0.182
p.G22.P02     0.057 0.056 0.001 0.002 0.016 0.039 0.080 0.170 0.199
p.G23.P02     0.066 0.061 0.001 0.003 0.018 0.049 0.096 0.190 0.230
p.G24.P02     0.089 0.091 0.002 0.004 0.027 0.065 0.115 0.268 0.368
p.G25.P02     0.467 0.129 0.209 0.261 0.388 0.463 0.546 0.692 0.728
p.G26.P02     0.117 0.159 0.001 0.002 0.014 0.042 0.139 0.503 0.549
p.G27.P02     0.080 0.080 0.002 0.003 0.019 0.053 0.117 0.245 0.294
p.G28.P02     0.100 0.108 0.002 0.003 0.024 0.062 0.137 0.341 0.404
p.G29.P02     0.195 0.097 0.008 0.018 0.130 0.207 0.267 0.334 0.359
p.G30.P02     0.834 0.107 0.608 0.644 0.760 0.846 0.922 0.983 0.991
p.G31.P02     0.101 0.065 0.003 0.007 0.046 0.095 0.148 0.214 0.229
p.G32.P02     0.232 0.133 0.014 0.031 0.140 0.224 0.305 0.484 0.556
p.G33.P02     0.615 0.111 0.352 0.413 0.554 0.629 0.686 0.779 0.807
p.G34.P02     0.061 0.068 0.001 0.003 0.014 0.036 0.085 0.209 0.256
p.G35.P02     0.097 0.066 0.003 0.007 0.041 0.090 0.143 0.215 0.241
p.G36.P02     0.091 0.079 0.003 0.005 0.030 0.072 0.130 0.247 0.285
p.G37.P02     0.023 0.025 0.000 0.001 0.005 0.014 0.032 0.075 0.090
p.G38.P02     0.680 0.104 0.475 0.511 0.612 0.679 0.749 0.851 0.880
p.G39.P02     0.032 0.034 0.000 0.001 0.007 0.020 0.046 0.101 0.125
p.G40.P02     0.780 0.106 0.565 0.604 0.706 0.783 0.858 0.949 0.969
p.G41.P02     0.688 0.095 0.479 0.521 0.632 0.693 0.748 0.837 0.867
p.G42.P02     0.117 0.077 0.004 0.008 0.050 0.110 0.174 0.252 0.269
p.G43.P02     0.537 0.121 0.282 0.329 0.463 0.537 0.614 0.730 0.771
p.G44.P02     0.193 0.142 0.007 0.013 0.085 0.171 0.264 0.484 0.550
p.G45.P02     0.227 0.153 0.005 0.012 0.098 0.213 0.344 0.492 0.529
p.G46.P02     0.098 0.108 0.002 0.003 0.020 0.057 0.138 0.333 0.389
p.G47.P02     0.043 0.045 0.001 0.002 0.011 0.028 0.060 0.132 0.166
p.G48.P02     0.897 0.083 0.699 0.738 0.854 0.916 0.961 0.990 0.994
 [ reached getOption("max.print") -- omitted 172 rows ]
