
################################################################################
# Gelman-Rubin Diagnostic
################################################################################

Generally the Gelman diagnostic should be < 1.05


Out of 994 variables: 604 > 1.01

                      
336 > 1.05

                      
195 > 1.1


The worst variables are:

             Point est. Upper C.I.
p.fac1[8,2]    2.253998   6.880463
p.fac1[21,2]   2.175068   5.449363
p.fac1[37,2]   2.128188   5.829654
p.fac1[8,1]    2.120571   5.208133
p.fac1[22,2]   2.094761   4.921359
p.fac1[18,2]   2.087114   5.621205
p.fac1[37,1]   2.078471   5.013589
p.fac1[54,2]   2.067115   5.460452
p.fac1[21,1]   2.052706   4.583468
p.fac1[18,1]   2.038659   4.783804


And here are the Gelman diagnostics for all variables:

               Point est. Upper C.I.
deviance        1.0075411  1.0281929
fac1.sig        1.1678319  1.4968389
ilr.fac1[1,1]   1.0416118  1.1345039
ilr.fac1[1,2]   1.0066856  1.0168053
ilr.fac1[1,3]   1.0108403  1.0242796
ilr.fac1[1,4]   1.0271834  1.0799101
ilr.fac1[1,5]   1.0047069  1.0085741
ilr.fac1[1,6]   1.0067431  1.0156229
ilr.fac1[1,7]   1.0204870  1.0446671
ilr.fac1[10,1]  1.3315778  1.8874224
ilr.fac1[10,2]  1.0201897  1.0713807
ilr.fac1[10,3]  1.0203913  1.0559017
ilr.fac1[10,4]  1.0075030  1.0103963
ilr.fac1[10,5]  1.0055658  1.0108376
ilr.fac1[10,6]  1.0041256  1.0062865
ilr.fac1[10,7]  1.0432745  1.1109716
ilr.fac1[11,1]  1.0806613  1.2511186
ilr.fac1[11,2]  1.0101312  1.0195530
ilr.fac1[11,3]  1.0058170  1.0067466
ilr.fac1[11,4]  1.0239000  1.0377072
ilr.fac1[11,5]  1.0053139  1.0095284
ilr.fac1[11,6]  1.0050956  1.0103019
ilr.fac1[11,7]  1.0541519  1.0636861
ilr.fac1[12,1]  1.0040264  1.0075924
ilr.fac1[12,2]  1.0197404  1.0501531
ilr.fac1[12,3]  1.0037041  1.0064733
ilr.fac1[12,4]  1.0122097  1.0193936
ilr.fac1[12,5]  1.0028659  1.0033019
ilr.fac1[12,6]  1.0021306  1.0031815
ilr.fac1[12,7]  1.0419209  1.0434607
ilr.fac1[13,1]  1.0320819  1.1100599
ilr.fac1[13,2]  1.0146371  1.0528762
ilr.fac1[13,3]  1.0151412  1.0401758
ilr.fac1[13,4]  1.0330739  1.0536903
ilr.fac1[13,5]  1.0020597  1.0030271
ilr.fac1[13,6]  1.0069406  1.0141612
ilr.fac1[13,7]  1.0120894  1.0201728
ilr.fac1[14,1]  1.0098776  1.0301971
ilr.fac1[14,2]  1.0158498  1.0448245
ilr.fac1[14,3]  1.0089309  1.0110960
ilr.fac1[14,4]  1.0288239  1.0595878
ilr.fac1[14,5]  1.0033492  1.0059236
ilr.fac1[14,6]  1.0024994  1.0060074
ilr.fac1[14,7]  1.0435202  1.0457234
ilr.fac1[15,1]  1.0028895  1.0073464
ilr.fac1[15,2]  1.0092756  1.0215838
ilr.fac1[15,3]  1.0092455  1.0245774
ilr.fac1[15,4]  1.0075041  1.0076635
ilr.fac1[15,5]  1.0113689  1.0157367
ilr.fac1[15,6]  1.0023486  1.0031357
ilr.fac1[15,7]  1.0510232  1.0655777
ilr.fac1[16,1]  1.0818241  1.2620597
ilr.fac1[16,2]  1.1396415  1.4106699
ilr.fac1[16,3]  1.1524058  1.4483710
ilr.fac1[16,4]  1.0389274  1.1189677
ilr.fac1[16,5]  1.0059503  1.0098684
ilr.fac1[16,6]  1.0215713  1.0562763
ilr.fac1[16,7]  1.0042696  1.0088197
ilr.fac1[17,1]  1.0265786  1.0903306
ilr.fac1[17,2]  1.0050060  1.0163075
ilr.fac1[17,3]  1.0038090  1.0043365
ilr.fac1[17,4]  1.0207753  1.0362993
ilr.fac1[17,5]  1.0013891  1.0028026
ilr.fac1[17,6]  1.0029760  1.0048452
ilr.fac1[17,7]  1.0049981  1.0095476
ilr.fac1[18,1]  1.6410672  2.8074142
ilr.fac1[18,2]  1.0211791  1.0714181
ilr.fac1[18,3]  1.0235584  1.0747843
ilr.fac1[18,4]  1.0018860  1.0045525
ilr.fac1[18,5]  1.0039960  1.0048600
ilr.fac1[18,6]  1.0061629  1.0079927
ilr.fac1[18,7]  1.0475911  1.1325950
ilr.fac1[19,1]  1.0596425  1.1866881
ilr.fac1[19,2]  1.0178135  1.0435837
ilr.fac1[19,3]  1.0031045  1.0038782
ilr.fac1[19,4]  1.0511899  1.1339105
ilr.fac1[19,5]  1.0057215  1.0080974
ilr.fac1[19,6]  1.0084348  1.0097695
ilr.fac1[19,7]  1.0969704  1.2097486
ilr.fac1[2,1]   1.0178002  1.0561593
ilr.fac1[2,2]   1.0062157  1.0197957
ilr.fac1[2,3]   1.0029320  1.0041054
ilr.fac1[2,4]   1.0238626  1.0276673
ilr.fac1[2,5]   1.0035616  1.0070718
ilr.fac1[2,6]   1.0010175  1.0024795
ilr.fac1[2,7]   1.0142714  1.0157363
ilr.fac1[20,1]  1.1022040  1.3217968
ilr.fac1[20,2]  1.0780518  1.2423774
ilr.fac1[20,3]  1.0646688  1.2094147
ilr.fac1[20,4]  1.0251560  1.0422876
ilr.fac1[20,5]  1.0043553  1.0089619
ilr.fac1[20,6]  1.0069695  1.0122579
ilr.fac1[20,7]  1.0053908  1.0067595
ilr.fac1[21,1]  1.6692345  2.7523355
ilr.fac1[21,2]  1.0112356  1.0326405
ilr.fac1[21,3]  1.0052873  1.0080650
ilr.fac1[21,4]  1.0029945  1.0037613
ilr.fac1[21,5]  1.0038088  1.0103503
ilr.fac1[21,6]  1.0013166  1.0018694
ilr.fac1[21,7]  1.0065598  1.0083714
ilr.fac1[22,1]  1.5079651  2.3490474
ilr.fac1[22,2]  1.0024443  1.0049685
ilr.fac1[22,3]  1.0049764  1.0050405
ilr.fac1[22,4]  1.0064265  1.0082327
ilr.fac1[22,5]  1.0056453  1.0063981
ilr.fac1[22,6]  1.0099944  1.0174234
ilr.fac1[22,7]  1.0108785  1.0186051
ilr.fac1[23,1]  1.4594277  2.2560199
ilr.fac1[23,2]  1.0160750  1.0555464
ilr.fac1[23,3]  1.0101332  1.0177756
ilr.fac1[23,4]  1.0090046  1.0132558
ilr.fac1[23,5]  1.0016162  1.0023396
ilr.fac1[23,6]  1.0043891  1.0079218
ilr.fac1[23,7]  1.0139640  1.0251782
ilr.fac1[24,1]  1.1328187  1.3985159
ilr.fac1[24,2]  1.0128559  1.0353080
ilr.fac1[24,3]  1.0090169  1.0209598
ilr.fac1[24,4]  1.0488096  1.1117918
ilr.fac1[24,5]  1.0104996  1.0335573
ilr.fac1[24,6]  1.0080473  1.0203166
ilr.fac1[24,7]  1.0816267  1.1590447
ilr.fac1[25,1]  1.0764578  1.2377836
ilr.fac1[25,2]  1.0204362  1.0671989
ilr.fac1[25,3]  1.0057481  1.0120443
ilr.fac1[25,4]  1.0181056  1.0564352
ilr.fac1[25,5]  1.0054834  1.0117988
ilr.fac1[25,6]  1.0084479  1.0225148
ilr.fac1[25,7]  1.0300010  1.0553953
ilr.fac1[26,1]  1.2614570  1.7516177
ilr.fac1[26,2]  1.0507788  1.1590754
ilr.fac1[26,3]  1.0166693  1.0196805
ilr.fac1[26,4]  1.1033970  1.2167583
ilr.fac1[26,5]  1.0086406  1.0219299
ilr.fac1[26,6]  1.0123497  1.0347684
ilr.fac1[26,7]  1.1107505  1.2451539
ilr.fac1[27,1]  1.0195022  1.0620787
ilr.fac1[27,2]  1.0076121  1.0197178
ilr.fac1[27,3]  1.0024841  1.0036710
ilr.fac1[27,4]  1.0265260  1.0587299
ilr.fac1[27,5]  1.0022995  1.0035217
ilr.fac1[27,6]  1.0043473  1.0056701
ilr.fac1[27,7]  1.0214062  1.0252627
ilr.fac1[28,1]  1.1432023  1.4296388
ilr.fac1[28,2]  1.0166240  1.0487964
ilr.fac1[28,3]  1.0070667  1.0153126
ilr.fac1[28,4]  1.0342183  1.0482449
ilr.fac1[28,5]  1.0073566  1.0181498
ilr.fac1[28,6]  1.0027735  1.0074124
ilr.fac1[28,7]  1.0578239  1.0769730
ilr.fac1[29,1]  1.0051597  1.0158377
ilr.fac1[29,2]  1.0155433  1.0434192
ilr.fac1[29,3]  1.0068608  1.0131634
ilr.fac1[29,4]  1.0207448  1.0425653
ilr.fac1[29,5]  1.0046354  1.0060930
ilr.fac1[29,6]  1.0029009  1.0045896
ilr.fac1[29,7]  1.0559660  1.0803582
ilr.fac1[3,1]   1.0029665  1.0086816
ilr.fac1[3,2]   1.0070920  1.0165995
ilr.fac1[3,3]   1.0030987  1.0040957
ilr.fac1[3,4]   1.0334041  1.0492955
ilr.fac1[3,5]   1.0056631  1.0132412
ilr.fac1[3,6]   1.0034293  1.0045765
ilr.fac1[3,7]   1.0216990  1.0236507
ilr.fac1[30,1]  1.0985505  1.3104398
ilr.fac1[30,2]  1.0140985  1.0415791
ilr.fac1[30,3]  1.0065675  1.0191359
ilr.fac1[30,4]  1.0650849  1.1823686
ilr.fac1[30,5]  1.0031186  1.0038357
ilr.fac1[30,6]  1.0102681  1.0154104
ilr.fac1[30,7]  1.0066843  1.0137381
ilr.fac1[31,1]  1.2021900  1.5874079
ilr.fac1[31,2]  1.0182388  1.0631578
ilr.fac1[31,3]  1.0129944  1.0339421
ilr.fac1[31,4]  1.0110094  1.0240489
ilr.fac1[31,5]  1.0042315  1.0054436
ilr.fac1[31,6]  1.0060003  1.0092491
ilr.fac1[31,7]  1.0207517  1.0304080
ilr.fac1[32,1]  1.1312912  1.3963273
ilr.fac1[32,2]  1.0112147  1.0274511
ilr.fac1[32,3]  1.0075580  1.0245267
ilr.fac1[32,4]  1.0173877  1.0211827
ilr.fac1[32,5]  1.0084209  1.0233220
ilr.fac1[32,6]  1.0069585  1.0190496
ilr.fac1[32,7]  1.0668216  1.0927466
ilr.fac1[33,1]  1.0177740  1.0555550
ilr.fac1[33,2]  1.0135170  1.0473477
ilr.fac1[33,3]  1.0081946  1.0110823
ilr.fac1[33,4]  1.0248023  1.0253099
ilr.fac1[33,5]  1.0050571  1.0088888
ilr.fac1[33,6]  1.0007512  1.0013180
ilr.fac1[33,7]  1.0113541  1.0162751
ilr.fac1[34,1]  1.0143050  1.0361991
ilr.fac1[34,2]  1.0164966  1.0571901
ilr.fac1[34,3]  1.0166270  1.0467146
ilr.fac1[34,4]  1.0039874  1.0080670
ilr.fac1[34,5]  1.0046025  1.0055506
ilr.fac1[34,6]  1.0030951  1.0096524
ilr.fac1[34,7]  1.0493419  1.1511171
ilr.fac1[35,1]  1.0951585  1.2955940
ilr.fac1[35,2]  1.0135399  1.0439727
ilr.fac1[35,3]  1.0073908  1.0125151
ilr.fac1[35,4]  1.0069172  1.0121144
ilr.fac1[35,5]  1.0036853  1.0046759
ilr.fac1[35,6]  1.0044548  1.0051322
ilr.fac1[35,7]  1.0321351  1.0435540
ilr.fac1[36,1]  1.0061614  1.0218777
ilr.fac1[36,2]  1.0117977  1.0371808
ilr.fac1[36,3]  1.0052823  1.0068915
ilr.fac1[36,4]  1.0240006  1.0489699
ilr.fac1[36,5]  1.0038850  1.0045767
ilr.fac1[36,6]  1.0049333  1.0066283
ilr.fac1[36,7]  1.0225188  1.0344073
ilr.fac1[37,1]  1.6074594  2.6865748
ilr.fac1[37,2]  1.0243536  1.0821711
ilr.fac1[37,3]  1.0250808  1.0817431
ilr.fac1[37,4]  1.0055825  1.0109106
ilr.fac1[37,5]  1.0064481  1.0091576
ilr.fac1[37,6]  1.0067480  1.0101487
ilr.fac1[37,7]  1.0497799  1.1369258
ilr.fac1[38,1]  1.0378818  1.1272988
ilr.fac1[38,2]  1.0145707  1.0514965
ilr.fac1[38,3]  1.0065463  1.0086046
ilr.fac1[38,4]  1.0353179  1.0894459
ilr.fac1[38,5]  1.0033210  1.0044618
ilr.fac1[38,6]  1.0030182  1.0040753
ilr.fac1[38,7]  1.0070818  1.0101329
ilr.fac1[39,1]  1.5921491  2.5788796
ilr.fac1[39,2]  1.0259796  1.0890552
ilr.fac1[39,3]  1.0180140  1.0456323
ilr.fac1[39,4]  1.0049953  1.0051469
ilr.fac1[39,5]  1.0099370  1.0120688
ilr.fac1[39,6]  1.0057571  1.0094877
ilr.fac1[39,7]  1.0426466  1.1274522
ilr.fac1[4,1]   1.0014744  1.0028164
ilr.fac1[4,2]   1.0035831  1.0044230
ilr.fac1[4,3]   1.0049062  1.0061859
ilr.fac1[4,4]   1.0159195  1.0254690
ilr.fac1[4,5]   1.0059952  1.0067968
ilr.fac1[4,6]   1.0066910  1.0120976
ilr.fac1[4,7]   1.0134877  1.0137952
ilr.fac1[40,1]  1.0548204  1.1807244
ilr.fac1[40,2]  1.0138878  1.0485897
ilr.fac1[40,3]  1.0124902  1.0322075
ilr.fac1[40,4]  1.0331206  1.0928280
ilr.fac1[40,5]  1.0020676  1.0026452
ilr.fac1[40,6]  1.0014361  1.0015621
ilr.fac1[40,7]  1.0083467  1.0132178
ilr.fac1[41,1]  1.0255755  1.0805453
ilr.fac1[41,2]  1.0222437  1.0787436
ilr.fac1[41,3]  1.0065344  1.0136670
ilr.fac1[41,4]  1.0408052  1.0691066
ilr.fac1[41,5]  1.0029905  1.0049552
ilr.fac1[41,6]  1.0038789  1.0096797
ilr.fac1[41,7]  1.0231915  1.0730465
ilr.fac1[42,1]  1.2681489  1.7628719
ilr.fac1[42,2]  1.0243173  1.0812903
ilr.fac1[42,3]  1.0122544  1.0191650
ilr.fac1[42,4]  1.0059651  1.0103126
ilr.fac1[42,5]  1.0078416  1.0098062
ilr.fac1[42,6]  1.0041655  1.0112173
ilr.fac1[42,7]  1.0223840  1.0270623
ilr.fac1[43,1]  1.0450301  1.1461612
ilr.fac1[43,2]  1.0044732  1.0140486
ilr.fac1[43,3]  1.0059065  1.0119244
ilr.fac1[43,4]  1.0128378  1.0158838
ilr.fac1[43,5]  1.0039321  1.0092247
ilr.fac1[43,6]  1.0039770  1.0060413
ilr.fac1[43,7]  1.0124361  1.0156122
ilr.fac1[44,1]  1.1150588  1.3530201
ilr.fac1[44,2]  1.0176340  1.0581419
ilr.fac1[44,3]  1.0126757  1.0162594
ilr.fac1[44,4]  1.0260654  1.0370928
ilr.fac1[44,5]  1.0071096  1.0122337
ilr.fac1[44,6]  1.0122103  1.0348564
ilr.fac1[44,7]  1.0934860  1.1872425
ilr.fac1[45,1]  1.0792283  1.2536414
ilr.fac1[45,2]  1.0000672  1.0009044
ilr.fac1[45,3]  1.0027085  1.0048970
ilr.fac1[45,4]  1.0103961  1.0141932
ilr.fac1[45,5]  1.0081727  1.0207908
ilr.fac1[45,6]  1.0111869  1.0303313
ilr.fac1[45,7]  1.0105123  1.0148296
ilr.fac1[46,1]  1.1057730  1.3265181
ilr.fac1[46,2]  1.0164004  1.0467093
ilr.fac1[46,3]  1.0077739  1.0160456
ilr.fac1[46,4]  1.0364461  1.0645366
ilr.fac1[46,5]  1.0050856  1.0175832
ilr.fac1[46,6]  1.0058890  1.0125768
ilr.fac1[46,7]  1.0197451  1.0302289
ilr.fac1[47,1]  1.1607879  1.4806463
ilr.fac1[47,2]  1.0151461  1.0465656
ilr.fac1[47,3]  1.0144586  1.0431053
ilr.fac1[47,4]  1.0059948  1.0067926
ilr.fac1[47,5]  1.0069846  1.0132600
ilr.fac1[47,6]  1.0050026  1.0077172
ilr.fac1[47,7]  1.0313263  1.0802433
ilr.fac1[48,1]  1.0834651  1.2674290
ilr.fac1[48,2]  1.1385824  1.4095618
ilr.fac1[48,3]  1.1207195  1.3669967
ilr.fac1[48,4]  1.0200456  1.0483307
ilr.fac1[48,5]  1.0016239  1.0018726
ilr.fac1[48,6]  1.0165148  1.0362201
ilr.fac1[48,7]  1.0028768  1.0031081
ilr.fac1[49,1]  1.0196650  1.0604513
ilr.fac1[49,2]  1.0079396  1.0292248
ilr.fac1[49,3]  1.0052502  1.0074072
ilr.fac1[49,4]  1.0219156  1.0249454
ilr.fac1[49,5]  1.0038333  1.0070060
ilr.fac1[49,6]  1.0017727  1.0029416
ilr.fac1[49,7]  1.0144963  1.0254810
ilr.fac1[5,1]   1.0409621  1.1395392
ilr.fac1[5,2]   1.0023134  1.0063056
ilr.fac1[5,3]   1.0133979  1.0307403
ilr.fac1[5,4]   1.0169579  1.0393069
ilr.fac1[5,5]   1.0159731  1.0435297
ilr.fac1[5,6]   1.0166979  1.0414039
ilr.fac1[5,7]   1.0086195  1.0112827
ilr.fac1[50,1]  1.0081173  1.0296217
ilr.fac1[50,2]  1.0190052  1.0630957
ilr.fac1[50,3]  1.0131575  1.0393593
ilr.fac1[50,4]  1.0376682  1.0846934
ilr.fac1[50,5]  1.0075916  1.0124025
ilr.fac1[50,6]  1.0040424  1.0071293
ilr.fac1[50,7]  1.0041479  1.0071991
ilr.fac1[51,1]  1.0591261  1.1900174
ilr.fac1[51,2]  1.0037916  1.0145567
ilr.fac1[51,3]  1.0100072  1.0160909
ilr.fac1[51,4]  1.0126426  1.0302649
ilr.fac1[51,5]  1.0055815  1.0119347
ilr.fac1[51,6]  1.0024231  1.0047751
ilr.fac1[51,7]  1.0603124  1.1113040
ilr.fac1[52,1]  1.0413008  1.1361461
ilr.fac1[52,2]  1.0081204  1.0234036
ilr.fac1[52,3]  1.0075124  1.0098979
ilr.fac1[52,4]  1.0149611  1.0307065
ilr.fac1[52,5]  1.0071573  1.0171353
ilr.fac1[52,6]  1.0061704  1.0095478
ilr.fac1[52,7]  1.0254027  1.0479279
ilr.fac1[53,1]  1.1682069  1.4948902
ilr.fac1[53,2]  1.0273503  1.0849833
ilr.fac1[53,3]  1.0071725  1.0143647
ilr.fac1[53,4]  1.0275263  1.0297659
ilr.fac1[53,5]  1.0058399  1.0142694
ilr.fac1[53,6]  1.0029738  1.0075438
ilr.fac1[53,7]  1.0748468  1.1017978
ilr.fac1[54,1]  1.6369233  2.8064872
ilr.fac1[54,2]  1.0316367  1.1082037
ilr.fac1[54,3]  1.0194375  1.0542670
ilr.fac1[54,4]  1.0045943  1.0080746
ilr.fac1[54,5]  1.0088985  1.0134639
ilr.fac1[54,6]  1.0058812  1.0146962
ilr.fac1[54,7]  1.0421982  1.1257895
ilr.fac1[55,1]  1.0471744  1.1538133
ilr.fac1[55,2]  1.0019352  1.0045510
ilr.fac1[55,3]  1.0055177  1.0106699
ilr.fac1[55,4]  1.0319860  1.0838226
ilr.fac1[55,5]  1.0027664  1.0036988
ilr.fac1[55,6]  1.0082554  1.0165737
ilr.fac1[55,7]  1.0122073  1.0216587
ilr.fac1[6,1]   1.0404882  1.1347666
ilr.fac1[6,2]   1.0089066  1.0321758
ilr.fac1[6,3]   1.0105903  1.0240337
ilr.fac1[6,4]   1.0329812  1.0873339
ilr.fac1[6,5]   1.0061425  1.0109052
ilr.fac1[6,6]   1.0036682  1.0088179
ilr.fac1[6,7]   1.0153952  1.0354148
ilr.fac1[7,1]   1.0859495  1.2734537
ilr.fac1[7,2]   1.0389946  1.1330568
ilr.fac1[7,3]   1.0130524  1.0395453
ilr.fac1[7,4]   1.0377362  1.1083843
ilr.fac1[7,5]   1.0041328  1.0041557
ilr.fac1[7,6]   1.0064930  1.0139150
ilr.fac1[7,7]   1.0010282  1.0012560
ilr.fac1[8,1]   1.7904090  3.2644800
ilr.fac1[8,2]   1.0275810  1.0929767
ilr.fac1[8,3]   1.0267577  1.0791262
ilr.fac1[8,4]   1.0065379  1.0081433
ilr.fac1[8,5]   1.0099444  1.0150547
ilr.fac1[8,6]   1.0089280  1.0119065
ilr.fac1[8,7]   1.0324567  1.1004358
ilr.fac1[9,1]   1.1054286  1.3228834
ilr.fac1[9,2]   1.0145117  1.0367992
ilr.fac1[9,3]   1.0059200  1.0082978
ilr.fac1[9,4]   1.0345923  1.0523989
ilr.fac1[9,5]   1.0047897  1.0102184
ilr.fac1[9,6]   1.0045802  1.0139704
ilr.fac1[9,7]   1.0473545  1.0599089
loglik[1]       1.0009485  1.0028494
loglik[10]      1.0041583  1.0080176
loglik[100]     1.0000246  1.0013346
loglik[101]     0.9999304  1.0003266
loglik[102]     1.0005266  1.0024191
loglik[103]     1.0046985  1.0052115
loglik[104]     1.0034238  1.0046333
loglik[105]     1.0005836  1.0032685
loglik[106]     1.0023965  1.0098007
loglik[107]     1.0029077  1.0093860
loglik[108]     1.0052645  1.0155737
loglik[109]     1.0088042  1.0215177
loglik[11]      1.0002133  1.0014637
loglik[110]     1.0122558  1.0280685
loglik[111]     1.0033562  1.0074558
loglik[112]     1.0056589  1.0155031
loglik[113]     1.0232115  1.0506900
loglik[114]     1.0031067  1.0044612
loglik[115]     1.0063081  1.0184606
loglik[116]     1.0075078  1.0258926
loglik[117]     1.0026363  1.0103092
loglik[118]     1.0001976  1.0016195
loglik[119]     1.0032593  1.0100968
loglik[12]      1.0044588  1.0063001
loglik[120]     1.0075119  1.0256609
loglik[121]     1.0008907  1.0038616
loglik[122]     1.0014555  1.0038877
loglik[123]     1.0013022  1.0058614
loglik[124]     1.0011956  1.0043358
loglik[125]     1.0058345  1.0143093
loglik[126]     1.0010912  1.0030267
loglik[127]     1.0058239  1.0185434
loglik[128]     1.0061645  1.0156362
loglik[129]     1.0029946  1.0096528
loglik[13]      1.0010072  1.0032416
loglik[130]     1.0034666  1.0098668
loglik[131]     1.0021207  1.0085249
loglik[132]     1.0019609  1.0079829
loglik[133]     0.9997667  0.9998813
loglik[134]     0.9995728  0.9995873
loglik[135]     1.0022242  1.0075058
loglik[136]     1.0013308  1.0052915
loglik[137]     1.0047588  1.0107828
loglik[138]     1.0040163  1.0104406
loglik[139]     1.0017423  1.0070385
loglik[14]      1.0022345  1.0087808
loglik[140]     1.0017987  1.0070528
loglik[141]     1.0054265  1.0101030
loglik[142]     1.0036083  1.0044857
loglik[143]     1.0001344  1.0007890
loglik[144]     1.0022816  1.0047460
loglik[145]     1.0042374  1.0081228
loglik[146]     1.0017505  1.0073813
loglik[147]     1.0002525  1.0008668
loglik[148]     1.0032203  1.0128235
loglik[149]     0.9999648  1.0009976
loglik[15]      1.0009975  1.0037907
loglik[150]     1.0030445  1.0078722
loglik[151]     1.0057920  1.0170575
loglik[152]     1.0004036  1.0019118
loglik[153]     1.0064781  1.0244740
loglik[154]     1.0032285  1.0112423
loglik[155]     1.0016674  1.0025164
loglik[156]     1.0016683  1.0037554
loglik[157]     1.0021873  1.0060824
loglik[16]      1.0025101  1.0079331
loglik[17]      0.9999880  1.0005417
loglik[18]      1.0012356  1.0020182
loglik[19]      1.0008557  1.0038404
loglik[2]       1.0004589  1.0026762
loglik[20]      1.0007330  1.0019466
loglik[21]      1.0023278  1.0076089
loglik[22]      1.0032111  1.0047685
loglik[23]      1.0002748  1.0008951
loglik[24]      1.0028220  1.0074066
loglik[25]      1.0031912  1.0123056
loglik[26]      1.0106015  1.0242569
loglik[27]      1.0021525  1.0090044
loglik[28]      1.0036913  1.0111959
loglik[29]      1.0043775  1.0093419
loglik[3]       1.0023611  1.0089164
loglik[30]      1.0105383  1.0390626
loglik[31]      1.0061499  1.0229307
loglik[32]      1.0106293  1.0391845
loglik[33]      1.0011159  1.0022159
loglik[34]      1.0072284  1.0272731
loglik[35]      1.0048128  1.0185740
loglik[36]      1.0042930  1.0163243
loglik[37]      1.0019265  1.0045360
loglik[38]      1.0276116  1.0933649
loglik[39]      1.0062885  1.0184905
loglik[4]       1.0039881  1.0091686
loglik[40]      1.0024539  1.0032003
loglik[41]      1.0031994  1.0059957
loglik[42]      1.0098934  1.0329677
loglik[43]      1.0016671  1.0053705
loglik[44]      1.0012164  1.0036087
loglik[45]      1.0144971  1.0426697
loglik[46]      1.0047038  1.0179033
loglik[47]      1.0017768  1.0073954
loglik[48]      1.0015127  1.0057437
loglik[49]      1.0002160  1.0014709
loglik[5]       1.0006217  1.0018318
loglik[50]      1.0021090  1.0023565
loglik[51]      1.0029729  1.0112139
loglik[52]      1.0047740  1.0177635
loglik[53]      1.0075669  1.0281631
loglik[54]      1.0023173  1.0074219
loglik[55]      0.9998136  1.0000306
loglik[56]      1.0091149  1.0317849
loglik[57]      1.0056027  1.0205491
loglik[58]      1.0079934  1.0275339
loglik[59]      1.0003406  1.0016112
 [ reached getOption("max.print") -- omitted 494 rows ]

################################################################################
# Geweke Diagnostic
################################################################################

The Geweke diagnostic is a standard z-score, so we'd expect 5% to be outside +/-1.96
Number of variables outside +/-1.96 in each chain (out of 
994
):


       Chain 1 Chain 2 Chain 3
Geweke     146     444     348


And here are the Geweke diagnostics for all variables:

               chain1 chain2  chain3
deviance       -0.576  1.014   2.730
fac1.sig       -0.991  3.573   1.679
ilr.fac1[1,1]  -1.017  1.039   5.731
ilr.fac1[1,2]   0.028  1.496   1.150
ilr.fac1[1,3]   0.198 -1.127  -2.015
ilr.fac1[1,4]   2.177 -4.712  -1.749
ilr.fac1[1,5]   1.341 -3.418   1.110
ilr.fac1[1,6]  -0.202  0.410   0.945
ilr.fac1[1,7]  -0.177  2.813  -0.964
ilr.fac1[10,1] -0.126 -2.883  -9.630
ilr.fac1[10,2] -0.956  4.514  -0.793
ilr.fac1[10,3] -1.260 -2.191  -2.174
ilr.fac1[10,4] -0.923 -1.408   2.340
ilr.fac1[10,5]  1.246 -0.598  -0.237
ilr.fac1[10,6]  3.884  0.554   1.810
ilr.fac1[10,7]  0.534 -0.494   0.897
ilr.fac1[11,1]  1.705  1.314   4.322
ilr.fac1[11,2] -0.659  0.125  -0.161
ilr.fac1[11,3]  2.127 -1.499  -1.530
ilr.fac1[11,4] -3.797 -1.760  -1.380
ilr.fac1[11,5] -0.681  0.237   1.106
ilr.fac1[11,6] -0.051 -1.145  -0.606
ilr.fac1[11,7] -0.609 -1.301  -1.024
ilr.fac1[12,1]  1.778  3.164  -0.501
ilr.fac1[12,2] -0.775  2.927  -1.381
ilr.fac1[12,3] -0.259  0.792   1.422
ilr.fac1[12,4]  0.888  0.358   1.895
ilr.fac1[12,5]  0.446 -0.984   0.158
ilr.fac1[12,6]  0.359  0.438   0.192
ilr.fac1[12,7]  0.082  0.339   0.143
ilr.fac1[13,1]  0.317 -0.433   5.639
ilr.fac1[13,2]  3.632 -4.548   1.545
ilr.fac1[13,3] -1.440  1.916   0.982
ilr.fac1[13,4]  1.972 -2.180  -2.511
ilr.fac1[13,5]  1.128  1.194   0.153
ilr.fac1[13,6] -2.265  1.063  -2.434
ilr.fac1[13,7] -0.141  0.031   1.297
ilr.fac1[14,1] -1.114 -1.259  -0.478
ilr.fac1[14,2]  1.306 -1.027  -2.271
ilr.fac1[14,3] -0.010 -0.655  -0.737
ilr.fac1[14,4] -0.192  0.925  -0.028
ilr.fac1[14,5]  2.810  0.950  -0.521
ilr.fac1[14,6]  1.157  3.042   0.112
ilr.fac1[14,7]  2.586 -1.326  -0.101
ilr.fac1[15,1]  2.023  1.906   0.524
ilr.fac1[15,2] -1.732  1.019   1.188
ilr.fac1[15,3] -0.048  3.421  -0.384
ilr.fac1[15,4] -1.281  0.730   0.122
ilr.fac1[15,5] -0.568  0.334   0.581
ilr.fac1[15,6]  2.309 -0.278  -1.211
ilr.fac1[15,7] -0.379 -0.852  -1.055
ilr.fac1[16,1]  0.005 -0.723   7.643
ilr.fac1[16,2]  3.221 -5.626   0.294
ilr.fac1[16,3] -3.178  6.858   3.629
ilr.fac1[16,4] -2.054  4.453  -0.120
ilr.fac1[16,5] -1.882 -0.840  -0.685
ilr.fac1[16,6] -3.276  2.100  -1.751
ilr.fac1[16,7]  0.483  1.652  -0.011
ilr.fac1[17,1] -1.770  1.890   3.262
ilr.fac1[17,2]  2.460 -0.318   0.699
ilr.fac1[17,3] -1.855  1.469   2.218
ilr.fac1[17,4]  1.534 -3.297  -1.043
ilr.fac1[17,5] -0.532  0.188   2.151
ilr.fac1[17,6] -0.652  1.266   1.363
ilr.fac1[17,7]  0.610  4.384   1.122
ilr.fac1[18,1] -0.495 -2.553 -19.434
ilr.fac1[18,2] -2.587  4.634  -0.585
ilr.fac1[18,3] -1.202 -3.486  -0.077
ilr.fac1[18,4]  0.111 -0.529   0.405
ilr.fac1[18,5]  0.498  0.932   2.031
ilr.fac1[18,6]  2.213 -1.061   1.686
ilr.fac1[18,7]  0.718 -0.389   0.737
ilr.fac1[19,1]  1.042  0.372   2.464
ilr.fac1[19,2] -1.405 -1.615  -0.502
ilr.fac1[19,3] -0.050 -0.839  -1.002
ilr.fac1[19,4] -1.096  0.506  -1.616
ilr.fac1[19,5]  1.155 -0.116  -0.646
ilr.fac1[19,6] -1.383  0.765  -1.043
ilr.fac1[19,7] -2.059 -1.238  -1.746
ilr.fac1[2,1]  -0.187  0.767   4.544
ilr.fac1[2,2]  -0.433 -0.375   1.277
ilr.fac1[2,3]   0.083 -0.702  -0.913
ilr.fac1[2,4]   0.972 -1.592  -1.551
ilr.fac1[2,5]  -2.567  1.888   0.132
ilr.fac1[2,6]  -1.521 -1.059   1.511
ilr.fac1[2,7]   0.342  2.332  -0.406
ilr.fac1[20,1] -0.761  0.169   8.012
ilr.fac1[20,2]  4.061 -5.295  -1.404
ilr.fac1[20,3] -0.953  6.487   1.721
ilr.fac1[20,4]  1.262 -0.467  -1.481
ilr.fac1[20,5] -0.924  0.126  -1.982
ilr.fac1[20,6] -1.204 -1.314  -1.032
ilr.fac1[20,7]  1.031  2.501   2.649
ilr.fac1[21,1] -0.261  0.693 -14.431
ilr.fac1[21,2] -2.613  3.865   1.712
ilr.fac1[21,3]  2.076  1.427   1.366
ilr.fac1[21,4]  1.494 -1.315   2.818
ilr.fac1[21,5] -0.586  1.558  -0.643
ilr.fac1[21,6]  1.340  0.236  -0.119
ilr.fac1[21,7] -0.282  2.277   1.453
ilr.fac1[22,1] -0.726 -0.265  -4.956
ilr.fac1[22,2]  1.193  0.975   1.252
ilr.fac1[22,3]  0.024  1.678   1.066
ilr.fac1[22,4]  1.672  0.058   2.735
ilr.fac1[22,5]  1.646  0.968  -1.348
ilr.fac1[22,6]  1.389 -0.588   1.286
ilr.fac1[22,7] -1.293  1.791   1.233
ilr.fac1[23,1] -0.225 -1.589 -15.034
ilr.fac1[23,2] -0.771  3.472   0.710
ilr.fac1[23,3]  0.942 -0.595  -0.558
ilr.fac1[23,4] -0.971 -0.091   2.045
ilr.fac1[23,5]  0.374  0.744   0.229
ilr.fac1[23,6]  1.962 -0.499  -0.130
ilr.fac1[23,7]  0.690  1.995   3.041
ilr.fac1[24,1] -1.349 -0.132   5.135
ilr.fac1[24,2]  1.203 -1.758  -1.188
ilr.fac1[24,3]  1.686 -1.715  -0.281
ilr.fac1[24,4]  0.506 -1.102  -2.274
ilr.fac1[24,5]  0.996 -3.259   0.049
ilr.fac1[24,6] -1.459  0.065  -0.034
ilr.fac1[24,7]  0.418  0.053  -3.241
ilr.fac1[25,1] -0.725 -2.923   3.812
ilr.fac1[25,2] -0.346  0.160  -0.158
ilr.fac1[25,3] -0.697 -1.332  -1.888
ilr.fac1[25,4] -0.294 -4.660  -0.657
ilr.fac1[25,5] -1.248 -0.882   0.492
ilr.fac1[25,6] -0.205 -0.335   2.541
ilr.fac1[25,7]  1.212  1.050   0.522
ilr.fac1[26,1]  0.420 -1.594   8.221
ilr.fac1[26,2] -1.756 -0.176  -1.234
ilr.fac1[26,3] -2.570 -6.163  -2.304
ilr.fac1[26,4]  0.440 -2.834  -0.872
ilr.fac1[26,5]  1.919 -2.271   0.883
ilr.fac1[26,6]  0.522 -0.024   2.587
ilr.fac1[26,7]  0.209  1.717  -1.166
ilr.fac1[27,1] -1.163  0.099   2.114
ilr.fac1[27,2] -0.447  1.196   0.433
ilr.fac1[27,3] -0.032 -0.369  -1.161
ilr.fac1[27,4]  0.369 -1.101  -0.593
ilr.fac1[27,5]  1.203 -1.263  -0.600
ilr.fac1[27,6]  1.357  1.667   0.580
ilr.fac1[27,7]  0.135 -0.129   0.105
ilr.fac1[28,1] -1.243 -0.123   6.887
ilr.fac1[28,2] -0.913 -0.682  -0.972
ilr.fac1[28,3] -0.478 -3.743   0.832
ilr.fac1[28,4]  1.908 -2.627  -2.739
ilr.fac1[28,5]  2.693 -1.958  -0.332
ilr.fac1[28,6]  0.305  1.364   2.534
ilr.fac1[28,7]  1.360  1.222  -1.912
ilr.fac1[29,1]  0.215 -0.206  -2.282
ilr.fac1[29,2] -0.339  1.387   0.218
ilr.fac1[29,3]  2.410 -3.179   0.073
ilr.fac1[29,4] -2.045 -0.061  -0.655
ilr.fac1[29,5]  0.264  1.082  -0.482
ilr.fac1[29,6] -0.003 -0.577  -0.076
ilr.fac1[29,7]  0.105  1.026   0.379
ilr.fac1[3,1]  -1.747  1.616   1.183
ilr.fac1[3,2]   0.767 -0.087   0.607
ilr.fac1[3,3]  -0.130 -0.228  -2.084
ilr.fac1[3,4]   1.122 -0.951   0.195
ilr.fac1[3,5]  -0.117  0.307  -0.919
ilr.fac1[3,6]  -0.273  0.825   0.958
ilr.fac1[3,7]   0.661 -1.059   0.279
ilr.fac1[30,1] -0.698 -2.222   8.038
ilr.fac1[30,2]  1.075 -4.975  -0.578
ilr.fac1[30,3] -1.108  1.647   1.052
ilr.fac1[30,4]  0.674 -5.028  -1.817
ilr.fac1[30,5] -0.804 -0.613   0.861
ilr.fac1[30,6] -1.429  0.338  -3.150
ilr.fac1[30,7]  1.644  3.002  -0.581
ilr.fac1[31,1] -0.970 -1.853 -11.124
ilr.fac1[31,2] -2.063  3.961   0.053
ilr.fac1[31,3]  2.891 -1.829  -1.675
ilr.fac1[31,4]  0.558 -0.806   1.936
ilr.fac1[31,5]  0.584 -0.049   1.443
ilr.fac1[31,6]  2.973  0.328   1.565
ilr.fac1[31,7]  1.432  0.535   1.282
ilr.fac1[32,1] -0.577 -0.019   5.825
ilr.fac1[32,2] -1.976  0.265  -0.538
ilr.fac1[32,3] -2.059 -2.880  -2.481
ilr.fac1[32,4]  0.945 -5.589  -1.249
ilr.fac1[32,5]  0.433 -2.907   0.752
ilr.fac1[32,6]  0.186  0.683   1.896
ilr.fac1[32,7]  0.914  0.630  -1.784
ilr.fac1[33,1]  1.206  1.166   3.495
ilr.fac1[33,2]  2.945 -2.438   1.316
ilr.fac1[33,3] -0.650  1.977   0.442
ilr.fac1[33,4]  0.151  0.020  -3.022
ilr.fac1[33,5]  0.768 -0.758   1.265
ilr.fac1[33,6] -2.615  0.212  -3.348
ilr.fac1[33,7] -0.366  0.943   0.657
ilr.fac1[34,1] -0.564 -0.081   2.237
ilr.fac1[34,2] -1.512  2.648   1.443
ilr.fac1[34,3]  1.239 -4.236  -1.445
ilr.fac1[34,4] -0.584 -0.178  -1.161
ilr.fac1[34,5]  1.403 -1.675  -0.308
ilr.fac1[34,6]  1.421 -0.664   1.938
ilr.fac1[34,7]  1.298 -0.536   0.390
ilr.fac1[35,1] -0.598  0.384  -6.115
ilr.fac1[35,2] -0.864  4.450  -1.851
ilr.fac1[35,3]  1.414 -0.422  -1.280
ilr.fac1[35,4] -1.151  0.380  -0.309
ilr.fac1[35,5] -0.726  1.613   1.155
ilr.fac1[35,6]  3.555 -2.193   1.625
ilr.fac1[35,7]  0.697  0.117  -0.483
ilr.fac1[36,1]  0.364 -0.842  -1.494
ilr.fac1[36,2] -1.751  0.921  -0.980
ilr.fac1[36,3]  2.237 -2.248  -1.614
ilr.fac1[36,4] -0.315 -0.607   0.052
ilr.fac1[36,5]  2.472 -0.032   1.327
ilr.fac1[36,6]  1.484 -0.885   0.241
ilr.fac1[36,7] -0.530 -0.319  -1.094
ilr.fac1[37,1] -0.056 -1.616 -21.992
ilr.fac1[37,2] -1.818  3.917  -0.631
ilr.fac1[37,3]  1.567 -3.756  -0.834
ilr.fac1[37,4]  0.269 -1.072   1.739
ilr.fac1[37,5] -1.324 -0.680   0.388
ilr.fac1[37,6]  2.905  0.845   3.282
ilr.fac1[37,7] -0.251  0.225   1.401
ilr.fac1[38,1] -0.950 -0.478   4.110
ilr.fac1[38,2]  1.391  0.071   0.737
ilr.fac1[38,3] -2.341 -0.797  -0.374
ilr.fac1[38,4]  1.770 -4.164  -0.998
ilr.fac1[38,5]  1.112  0.204   0.973
ilr.fac1[38,6] -2.141 -0.449   0.449
ilr.fac1[38,7]  0.344  3.364   0.630
ilr.fac1[39,1]  0.626 -4.582 -15.735
ilr.fac1[39,2] -3.023  3.407  -0.241
ilr.fac1[39,3]  0.234 -2.952  -0.597
ilr.fac1[39,4]  0.027 -1.548   1.400
ilr.fac1[39,5]  0.844 -0.830   0.327
ilr.fac1[39,6]  1.484  0.124   2.601
ilr.fac1[39,7]  0.132 -0.453   2.245
ilr.fac1[4,1]  -0.192 -0.802   1.348
ilr.fac1[4,2]  -0.681  0.714   1.272
ilr.fac1[4,3]   0.441 -0.653   1.422
ilr.fac1[4,4]   0.502 -3.644  -1.201
ilr.fac1[4,5]  -0.060 -1.100   1.295
ilr.fac1[4,6]   0.028  0.810   0.438
ilr.fac1[4,7]  -1.482  0.073   0.321
ilr.fac1[40,1]  0.441  0.339   8.286
ilr.fac1[40,2]  2.597 -4.500   0.842
ilr.fac1[40,3]  0.122  2.421   0.540
ilr.fac1[40,4] -0.262 -4.740  -1.361
ilr.fac1[40,5] -0.489  2.136  -1.909
ilr.fac1[40,6] -2.087 -0.341  -0.910
ilr.fac1[40,7]  0.745  2.443   1.495
ilr.fac1[41,1] -0.039 -0.207   4.250
ilr.fac1[41,2]  3.365 -3.719   0.506
ilr.fac1[41,3] -0.639  3.162  -0.614
ilr.fac1[41,4]  0.629  0.900  -1.064
ilr.fac1[41,5] -0.637  1.858  -0.140
ilr.fac1[41,6] -1.647 -1.083  -1.474
ilr.fac1[41,7]  1.003 -1.573  -0.880
ilr.fac1[42,1] -0.288  0.051 -11.668
ilr.fac1[42,2] -1.840  1.881  -0.556
ilr.fac1[42,3]  0.806 -2.916   0.197
ilr.fac1[42,4] -0.338  1.644   0.131
ilr.fac1[42,5] -1.258  1.320  -0.550
ilr.fac1[42,6]  3.453  0.687  -0.032
ilr.fac1[42,7] -0.604  0.945   1.608
ilr.fac1[43,1]  0.022 -2.939   5.725
ilr.fac1[43,2]  0.649 -1.009  -0.721
ilr.fac1[43,3] -0.063 -0.809   0.100
ilr.fac1[43,4]  1.349 -3.574  -2.066
ilr.fac1[43,5]  0.441  0.468   1.342
ilr.fac1[43,6] -0.420 -0.327  -0.226
ilr.fac1[43,7]  0.187  1.510   0.161
ilr.fac1[44,1]  0.763  0.947   8.015
ilr.fac1[44,2]  0.055  0.188  -2.488
ilr.fac1[44,3] -0.543 -4.062  -1.699
ilr.fac1[44,4] -2.005 -1.629  -1.133
ilr.fac1[44,5] -0.360 -0.181   1.224
ilr.fac1[44,6] -0.426 -0.179   0.849
ilr.fac1[44,7]  0.401  1.666  -2.114
ilr.fac1[45,1]  1.121  1.880  -2.891
ilr.fac1[45,2]  1.158 -0.241   0.949
ilr.fac1[45,3] -2.093 -0.204   1.417
ilr.fac1[45,4] -0.256  2.119   2.732
ilr.fac1[45,5] -1.037  0.989  -1.568
ilr.fac1[45,6]  0.907  0.392  -0.870
ilr.fac1[45,7] -0.950  0.286  -0.141
ilr.fac1[46,1]  0.251  2.209   8.075
ilr.fac1[46,2]  1.395  1.002  -1.404
ilr.fac1[46,3] -0.456  0.072  -1.146
ilr.fac1[46,4] -0.062 -2.364  -0.378
ilr.fac1[46,5]  1.228 -1.009   3.012
ilr.fac1[46,6] -0.626  0.680   1.269
ilr.fac1[46,7]  1.230  1.032  -0.833
ilr.fac1[47,1]  0.321 -1.831  -5.830
ilr.fac1[47,2] -0.997  2.838   0.731
ilr.fac1[47,3]  0.596 -3.841  -1.776
ilr.fac1[47,4] -0.167  1.368   1.250
ilr.fac1[47,5]  1.508  0.040  -0.247
ilr.fac1[47,6]  2.641  1.075   1.234
ilr.fac1[47,7] -0.538  0.261  -0.088
ilr.fac1[48,1] -0.404  0.884   5.161
ilr.fac1[48,2]  4.728 -7.409   0.763
ilr.fac1[48,3]  0.531  7.068   2.043
ilr.fac1[48,4] -0.035  4.327  -0.318
ilr.fac1[48,5] -1.575  0.793  -0.058
ilr.fac1[48,6] -1.654  0.300  -3.169
ilr.fac1[48,7] -0.085  1.960  -0.716
ilr.fac1[49,1]  0.646 -0.115   1.168
ilr.fac1[49,2]  0.881 -2.409  -0.795
ilr.fac1[49,3] -0.010  2.872   0.551
ilr.fac1[49,4]  0.697 -1.741   0.444
ilr.fac1[49,5]  2.121 -0.545   1.109
ilr.fac1[49,6] -1.154  1.491   0.216
ilr.fac1[49,7]  0.062  1.335  -1.362
ilr.fac1[5,1]  -0.247  5.260  -0.460
ilr.fac1[5,2]   0.846  2.601   0.890
ilr.fac1[5,3]   0.936  5.183   1.214
ilr.fac1[5,4]   1.482  1.600   0.404
ilr.fac1[5,5]  -1.573  2.706  -0.213
ilr.fac1[5,6]   2.766 -1.299  -2.863
ilr.fac1[5,7]  -0.016  4.054  -0.069
ilr.fac1[50,1]  0.184 -0.272   0.393
ilr.fac1[50,2]  3.171 -5.098   0.032
ilr.fac1[50,3] -0.510  4.294   3.143
ilr.fac1[50,4] -1.595  3.694  -0.839
ilr.fac1[50,5] -0.340  1.937   0.298
ilr.fac1[50,6] -1.589 -0.452  -2.685
ilr.fac1[50,7]  0.099  0.572   0.309
ilr.fac1[51,1]  1.023 -1.458   4.911
ilr.fac1[51,2] -1.599 -0.464   1.337
ilr.fac1[51,3]  0.471 -0.729  -2.636
ilr.fac1[51,4] -1.187 -4.113  -0.857
ilr.fac1[51,5]  0.671 -2.064   0.098
ilr.fac1[51,6] -0.697  0.057   2.944
ilr.fac1[51,7] -0.408  1.274   0.262
ilr.fac1[52,1]  0.361 -0.676   5.322
ilr.fac1[52,2]  0.820  0.187  -0.989
 [ reached 'max' / getOption("max.print") -- omitted 661 rows ]
