
#################################################################
# Summary Statistics
#################################################################

DIC = 150.1532

               Mean    SD  2.5%    5%   25%   50%   75%   95% 97.5%
Epsilon.1     0.171 0.044 0.095 0.105 0.139 0.167 0.198 0.249 0.265
Epsilon.2     0.152 0.032 0.094 0.102 0.130 0.149 0.171 0.210 0.222
Individual.SD 1.533 0.271 1.113 1.165 1.341 1.497 1.681 1.997 2.142
p.global.V01  0.131 0.105 0.004 0.006 0.027 0.117 0.223 0.297 0.329
p.global.V03  0.140 0.111 0.002 0.003 0.028 0.137 0.234 0.323 0.344
p.global.V04  0.115 0.083 0.002 0.003 0.050 0.102 0.170 0.264 0.291
p.global.V05  0.028 0.032 0.000 0.000 0.003 0.016 0.043 0.096 0.113
p.global.V07  0.330 0.084 0.181 0.201 0.269 0.324 0.386 0.476 0.505
p.global.V08  0.025 0.023 0.001 0.002 0.009 0.019 0.033 0.070 0.088
p.global.V09  0.034 0.041 0.000 0.000 0.008 0.020 0.042 0.127 0.163
p.global.V18  0.198 0.053 0.103 0.119 0.162 0.193 0.230 0.292 0.315
p.G01.V01     0.043 0.052 0.000 0.001 0.005 0.021 0.063 0.156 0.188
p.G02.V01     0.097 0.105 0.001 0.001 0.012 0.054 0.159 0.308 0.351
p.G03.V01     0.122 0.136 0.001 0.001 0.013 0.059 0.212 0.401 0.440
p.G04.V01     0.094 0.107 0.001 0.001 0.009 0.046 0.158 0.316 0.354
p.G05.V01     0.236 0.250 0.001 0.002 0.016 0.129 0.421 0.729 0.815
p.G06.V01     0.042 0.053 0.000 0.000 0.005 0.019 0.058 0.157 0.193
p.G07.V01     0.047 0.061 0.000 0.001 0.007 0.024 0.063 0.176 0.214
p.G08.V01     0.370 0.375 0.000 0.001 0.006 0.089 0.762 0.867 0.901
p.G09.V01     0.081 0.087 0.001 0.001 0.012 0.047 0.128 0.262 0.295
p.G10.V01     0.188 0.192 0.001 0.001 0.010 0.088 0.376 0.504 0.538
p.G11.V01     0.094 0.101 0.001 0.002 0.012 0.052 0.156 0.305 0.346
p.G12.V01     0.157 0.163 0.001 0.001 0.015 0.083 0.293 0.460 0.501
p.G13.V01     0.078 0.095 0.001 0.001 0.010 0.039 0.113 0.276 0.331
p.G14.V01     0.141 0.138 0.001 0.002 0.016 0.095 0.245 0.404 0.444
p.G15.V01     0.180 0.183 0.001 0.001 0.017 0.101 0.337 0.511 0.550
p.G16.V01     0.035 0.078 0.000 0.001 0.004 0.014 0.039 0.116 0.161
p.G17.V01     0.076 0.084 0.000 0.001 0.010 0.044 0.118 0.245 0.293
p.G18.V01     0.313 0.307 0.000 0.001 0.010 0.150 0.630 0.740 0.769
p.G19.V01     0.074 0.098 0.001 0.001 0.008 0.029 0.101 0.294 0.343
p.G20.V01     0.043 0.061 0.000 0.001 0.006 0.021 0.055 0.146 0.192
p.G21.V01     0.394 0.367 0.000 0.001 0.013 0.397 0.757 0.907 0.942
p.G22.V01     0.360 0.339 0.001 0.001 0.013 0.268 0.694 0.852 0.894
p.G23.V01     0.346 0.326 0.000 0.001 0.016 0.268 0.668 0.835 0.873
p.G24.V01     0.067 0.075 0.000 0.001 0.010 0.037 0.103 0.220 0.261
p.G25.V01     0.054 0.062 0.000 0.001 0.008 0.030 0.081 0.186 0.218
p.G26.V01     0.025 0.032 0.000 0.000 0.004 0.013 0.034 0.091 0.114
p.G27.V01     0.123 0.124 0.001 0.002 0.016 0.078 0.207 0.371 0.403
p.G28.V01     0.063 0.067 0.001 0.001 0.010 0.037 0.095 0.203 0.236
p.G29.V01     0.201 0.187 0.001 0.002 0.021 0.147 0.365 0.523 0.562
p.G30.V01     0.023 0.031 0.000 0.000 0.003 0.011 0.029 0.084 0.114
p.G31.V01     0.257 0.247 0.001 0.001 0.015 0.172 0.497 0.653 0.687
p.G32.V01     0.046 0.052 0.000 0.001 0.007 0.026 0.065 0.155 0.190
p.G33.V01     0.104 0.110 0.001 0.002 0.014 0.061 0.170 0.326 0.369
p.G34.V01     0.021 0.032 0.000 0.000 0.002 0.008 0.027 0.088 0.118
p.G35.V01     0.218 0.208 0.001 0.001 0.017 0.150 0.410 0.568 0.605
p.G36.V01     0.145 0.137 0.001 0.002 0.019 0.103 0.255 0.399 0.430
p.G37.V01     0.301 0.296 0.000 0.001 0.010 0.139 0.610 0.716 0.742
p.G38.V01     0.066 0.075 0.001 0.001 0.009 0.036 0.102 0.222 0.258
p.G39.V01     0.292 0.293 0.000 0.001 0.010 0.113 0.594 0.726 0.754
p.G40.V01     0.047 0.060 0.000 0.001 0.006 0.024 0.066 0.168 0.216
p.G41.V01     0.085 0.109 0.001 0.001 0.010 0.037 0.119 0.322 0.382
p.G42.V01     0.286 0.274 0.000 0.001 0.014 0.189 0.557 0.702 0.749
p.G43.V01     0.084 0.089 0.001 0.001 0.012 0.051 0.134 0.272 0.305
p.G44.V01     0.068 0.073 0.001 0.001 0.010 0.041 0.104 0.219 0.255
p.G45.V01     0.255 0.242 0.001 0.002 0.019 0.185 0.467 0.671 0.733
p.G46.V01     0.067 0.072 0.001 0.001 0.011 0.040 0.106 0.216 0.250
p.G47.V01     0.193 0.184 0.001 0.001 0.015 0.136 0.361 0.501 0.533
p.G48.V01     0.051 0.097 0.000 0.001 0.006 0.021 0.058 0.170 0.253
p.G49.V01     0.121 0.123 0.001 0.001 0.016 0.075 0.206 0.364 0.410
p.G50.V01     0.124 0.138 0.001 0.002 0.015 0.072 0.197 0.393 0.480
p.G51.V01     0.064 0.072 0.000 0.001 0.009 0.034 0.100 0.215 0.250
p.G52.V01     0.058 0.067 0.000 0.001 0.008 0.031 0.086 0.202 0.236
p.G53.V01     0.045 0.049 0.000 0.001 0.008 0.027 0.066 0.153 0.177
p.G54.V01     0.283 0.280 0.000 0.001 0.008 0.121 0.575 0.675 0.698
p.G55.V01     0.059 0.067 0.000 0.001 0.008 0.031 0.089 0.203 0.236
p.G01.V03     0.046 0.053 0.000 0.000 0.005 0.025 0.070 0.164 0.190
p.G02.V03     0.100 0.104 0.000 0.001 0.011 0.060 0.169 0.307 0.345
p.G03.V03     0.128 0.140 0.000 0.001 0.010 0.065 0.227 0.406 0.445
p.G04.V03     0.097 0.107 0.000 0.001 0.009 0.053 0.161 0.315 0.357
p.G05.V03     0.160 0.191 0.000 0.001 0.008 0.055 0.295 0.538 0.597
p.G06.V03     0.052 0.066 0.000 0.000 0.005 0.024 0.077 0.190 0.233
p.G07.V03     0.039 0.048 0.000 0.000 0.005 0.021 0.057 0.143 0.174
p.G08.V03     0.379 0.381 0.000 0.000 0.005 0.119 0.762 0.906 0.939
p.G09.V03     0.117 0.166 0.000 0.001 0.013 0.059 0.154 0.404 0.734
p.G10.V03     0.196 0.200 0.000 0.001 0.008 0.098 0.387 0.534 0.569
p.G11.V03     0.125 0.170 0.000 0.001 0.012 0.061 0.174 0.478 0.703
p.G12.V03     0.170 0.199 0.000 0.001 0.012 0.086 0.281 0.532 0.721
p.G13.V03     0.069 0.078 0.000 0.001 0.008 0.038 0.108 0.234 0.269
p.G14.V03     0.168 0.170 0.000 0.001 0.019 0.119 0.278 0.470 0.578
p.G15.V03     0.174 0.208 0.000 0.001 0.012 0.077 0.290 0.596 0.739
p.G16.V03     0.030 0.040 0.000 0.000 0.003 0.013 0.040 0.114 0.136
p.G17.V03     0.076 0.080 0.000 0.001 0.009 0.046 0.123 0.241 0.271
p.G18.V03     0.312 0.315 0.000 0.000 0.007 0.114 0.626 0.779 0.829
p.G19.V03     0.150 0.203 0.000 0.001 0.009 0.055 0.219 0.649 0.732
p.G20.V03     0.036 0.043 0.000 0.000 0.005 0.021 0.052 0.128 0.158
p.G21.V03     0.332 0.346 0.000 0.000 0.006 0.096 0.691 0.851 0.896
p.G22.V03     0.309 0.315 0.000 0.000 0.007 0.123 0.632 0.782 0.820
p.G23.V03     0.326 0.319 0.000 0.001 0.010 0.199 0.640 0.817 0.860
p.G24.V03     0.140 0.194 0.000 0.001 0.014 0.067 0.177 0.643 0.778
p.G25.V03     0.074 0.086 0.000 0.001 0.009 0.045 0.109 0.247 0.305
p.G26.V03     0.087 0.217 0.000 0.000 0.004 0.017 0.049 0.806 0.917
p.G27.V03     0.158 0.173 0.000 0.001 0.015 0.102 0.255 0.481 0.624
p.G28.V03     0.104 0.148 0.000 0.001 0.012 0.055 0.132 0.389 0.570
p.G29.V03     0.223 0.205 0.000 0.001 0.022 0.187 0.383 0.593 0.641
p.G30.V03     0.021 0.027 0.000 0.000 0.002 0.010 0.029 0.075 0.095
p.G31.V03     0.276 0.260 0.000 0.001 0.014 0.224 0.507 0.703 0.758
p.G32.V03     0.078 0.117 0.000 0.001 0.009 0.037 0.097 0.309 0.492
p.G33.V03     0.101 0.104 0.000 0.001 0.012 0.063 0.164 0.311 0.344
p.G34.V03     0.022 0.032 0.000 0.000 0.002 0.008 0.029 0.091 0.119
p.G35.V03     0.238 0.225 0.000 0.001 0.016 0.193 0.428 0.615 0.674
p.G36.V03     0.166 0.164 0.000 0.001 0.019 0.120 0.277 0.463 0.536
p.G37.V03     0.303 0.302 0.000 0.000 0.008 0.136 0.608 0.740 0.794
p.G38.V03     0.064 0.071 0.000 0.000 0.008 0.038 0.101 0.211 0.249
p.G39.V03     0.305 0.303 0.000 0.001 0.008 0.168 0.599 0.765 0.834
p.G40.V03     0.042 0.051 0.000 0.001 0.005 0.021 0.061 0.147 0.178
p.G41.V03     0.086 0.098 0.000 0.001 0.008 0.042 0.137 0.293 0.334
p.G42.V03     0.299 0.280 0.000 0.001 0.015 0.236 0.553 0.759 0.806
p.G43.V03     0.091 0.093 0.000 0.001 0.013 0.061 0.146 0.279 0.317
p.G44.V03     0.113 0.149 0.000 0.001 0.014 0.063 0.152 0.454 0.601
p.G45.V03     0.211 0.220 0.000 0.001 0.012 0.112 0.406 0.608 0.655
 [ reached getOption("max.print") -- omitted 340 rows ]
