
################################################################################
# Gelman-Rubin Diagnostic
################################################################################

Generally the Gelman diagnostic should be < 1.05


Out of 649 variables: 48 > 1.01

                      
3 > 1.05

                      
0 > 1.1


The worst variables are:

             Point est. Upper C.I.
p.fac1[30,3]   1.084592   1.159512
p.fac1[30,2]   1.077351   1.151927
p.fac1[12,4]   1.055928   1.077906
p.fac1[40,3]   1.035993   1.064154
p.fac1[17,2]   1.031811   1.063499
p.fac1[39,3]   1.028233   1.056454
p.fac1[1,2]    1.027478   1.074799
p.fac1[37,2]   1.025326   1.048754
p.fac1[48,3]   1.025259   1.061971
p.fac1[54,2]   1.023960   1.060980


And here are the Gelman diagnostics for all variables:

               Point est. Upper C.I.
deviance        1.0026937  1.0100295
fac1.sig        1.0018753  1.0093796
ilr.fac1[1,1]   1.0014443  1.0054484
ilr.fac1[2,1]   1.0021195  1.0051982
ilr.fac1[3,1]   1.0042900  1.0145536
ilr.fac1[4,1]   1.0023098  1.0039346
ilr.fac1[5,1]   1.0014540  1.0069989
ilr.fac1[6,1]   1.0017002  1.0074013
ilr.fac1[7,1]   1.0024370  1.0068569
ilr.fac1[8,1]   1.0020333  1.0095655
ilr.fac1[9,1]   1.0013854  1.0072443
ilr.fac1[10,1]  1.0019299  1.0091609
ilr.fac1[11,1]  1.0004592  1.0018645
ilr.fac1[12,1]  1.0027763  1.0101838
ilr.fac1[13,1]  1.0015374  1.0061903
ilr.fac1[14,1]  1.0030016  1.0093683
ilr.fac1[15,1]  1.0010628  1.0042176
ilr.fac1[16,1]  1.0012499  1.0070474
ilr.fac1[17,1]  0.9996712  1.0002575
ilr.fac1[18,1]  1.0031975  1.0102371
ilr.fac1[19,1]  1.0045424  1.0078488
ilr.fac1[20,1]  1.0003872  1.0028505
ilr.fac1[21,1]  1.0013734  1.0029556
ilr.fac1[22,1]  1.0032402  1.0064575
ilr.fac1[23,1]  1.0034718  1.0146318
ilr.fac1[24,1]  1.0017937  1.0028831
ilr.fac1[25,1]  1.0046465  1.0157849
ilr.fac1[26,1]  1.0030619  1.0095763
ilr.fac1[27,1]  1.0022305  1.0092834
ilr.fac1[28,1]  1.0030992  1.0133857
ilr.fac1[29,1]  1.0055974  1.0149826
ilr.fac1[30,1]  1.0028937  1.0121501
ilr.fac1[31,1]  1.0007500  1.0045476
ilr.fac1[32,1]  1.0020673  1.0027229
ilr.fac1[33,1]  1.0017192  1.0051784
ilr.fac1[34,1]  1.0062352  1.0101658
ilr.fac1[35,1]  1.0088371  1.0177945
ilr.fac1[36,1]  1.0008243  1.0040972
ilr.fac1[37,1]  1.0007293  1.0027229
ilr.fac1[38,1]  0.9991727  0.9992149
ilr.fac1[39,1]  1.0015725  1.0016107
ilr.fac1[40,1]  1.0047375  1.0109243
ilr.fac1[41,1]  1.0055716  1.0174063
ilr.fac1[42,1]  0.9994794  0.9994857
ilr.fac1[43,1]  0.9999529  1.0010632
ilr.fac1[44,1]  0.9995056  1.0005388
ilr.fac1[45,1]  1.0066436  1.0128997
ilr.fac1[46,1]  1.0034210  1.0134195
ilr.fac1[47,1]  0.9994233  1.0005404
ilr.fac1[48,1]  1.0052331  1.0102841
ilr.fac1[49,1]  0.9992392  0.9995299
ilr.fac1[50,1]  1.0034500  1.0109818
ilr.fac1[51,1]  1.0033477  1.0101806
ilr.fac1[52,1]  1.0024399  1.0065079
ilr.fac1[53,1]  1.0024350  1.0102953
ilr.fac1[54,1]  1.0001397  1.0022190
ilr.fac1[1,2]   1.0065460  1.0186669
ilr.fac1[2,2]   0.9996193  1.0010690
ilr.fac1[3,2]   1.0003626  1.0007561
ilr.fac1[4,2]   1.0017245  1.0077904
ilr.fac1[5,2]   1.0012472  1.0031709
ilr.fac1[6,2]   1.0037166  1.0100018
ilr.fac1[7,2]   1.0006116  1.0008158
ilr.fac1[8,2]   0.9997382  1.0013260
ilr.fac1[9,2]   1.0046453  1.0096406
ilr.fac1[10,2]  1.0001837  1.0033027
ilr.fac1[11,2]  1.0030070  1.0112582
ilr.fac1[12,2]  1.0020497  1.0073631
ilr.fac1[13,2]  1.0017967  1.0064265
ilr.fac1[14,2]  1.0019477  1.0019564
ilr.fac1[15,2]  1.0024235  1.0050187
ilr.fac1[16,2]  1.0024280  1.0095548
ilr.fac1[17,2]  1.0013792  1.0050040
ilr.fac1[18,2]  1.0016714  1.0071407
ilr.fac1[19,2]  1.0029238  1.0110978
ilr.fac1[20,2]  1.0009758  1.0016837
ilr.fac1[21,2]  1.0011941  1.0031854
ilr.fac1[22,2]  1.0008561  1.0046392
ilr.fac1[23,2]  1.0060478  1.0176783
ilr.fac1[24,2]  1.0017053  1.0027609
ilr.fac1[25,2]  1.0047421  1.0061747
ilr.fac1[26,2]  1.0034210  1.0071680
ilr.fac1[27,2]  0.9994284  0.9997702
ilr.fac1[28,2]  1.0050622  1.0086107
ilr.fac1[29,2]  1.0012808  1.0022022
ilr.fac1[30,2]  1.0030718  1.0117246
ilr.fac1[31,2]  0.9992805  0.9996463
ilr.fac1[32,2]  1.0033578  1.0091459
ilr.fac1[33,2]  0.9994564  1.0001914
ilr.fac1[34,2]  1.0005429  1.0031586
ilr.fac1[35,2]  1.0012318  1.0048290
ilr.fac1[36,2]  1.0038822  1.0116804
ilr.fac1[37,2]  1.0015812  1.0079970
ilr.fac1[38,2]  1.0006134  1.0025083
ilr.fac1[39,2]  1.0004516  1.0036565
ilr.fac1[40,2]  0.9998322  1.0000390
ilr.fac1[41,2]  1.0052472  1.0171818
ilr.fac1[42,2]  1.0055837  1.0168655
ilr.fac1[43,2]  1.0010113  1.0022159
ilr.fac1[44,2]  0.9999539  1.0015010
ilr.fac1[45,2]  0.9998574  1.0002753
ilr.fac1[46,2]  1.0008196  1.0047461
ilr.fac1[47,2]  1.0010878  1.0016385
ilr.fac1[48,2]  1.0006013  1.0039478
ilr.fac1[49,2]  1.0007394  1.0034689
ilr.fac1[50,2]  1.0006244  1.0011087
ilr.fac1[51,2]  1.0009135  1.0041704
ilr.fac1[52,2]  1.0034176  1.0114493
ilr.fac1[53,2]  1.0013007  1.0055132
ilr.fac1[54,2]  1.0016829  1.0028721
ilr.fac1[1,3]   0.9995632  1.0003180
ilr.fac1[2,3]   1.0007249  1.0030167
ilr.fac1[3,3]   1.0019787  1.0058295
ilr.fac1[4,3]   1.0010620  1.0047940
ilr.fac1[5,3]   1.0036560  1.0129097
ilr.fac1[6,3]   1.0024855  1.0112665
ilr.fac1[7,3]   1.0013243  1.0046610
ilr.fac1[8,3]   1.0004693  1.0006526
ilr.fac1[9,3]   1.0018102  1.0072091
ilr.fac1[10,3]  1.0006029  1.0036216
ilr.fac1[11,3]  1.0013798  1.0074514
ilr.fac1[12,3]  1.0037766  1.0061347
ilr.fac1[13,3]  0.9996974  1.0004620
ilr.fac1[14,3]  1.0015148  1.0078660
ilr.fac1[15,3]  0.9991895  0.9993856
ilr.fac1[16,3]  1.0001181  1.0022691
ilr.fac1[17,3]  1.0014082  1.0040294
ilr.fac1[18,3]  1.0006724  1.0012170
ilr.fac1[19,3]  1.0009254  1.0034313
ilr.fac1[20,3]  0.9991194  0.9993633
ilr.fac1[21,3]  1.0024721  1.0074605
ilr.fac1[22,3]  1.0036673  1.0138724
ilr.fac1[23,3]  1.0063380  1.0241416
ilr.fac1[24,3]  1.0009392  1.0039627
ilr.fac1[25,3]  1.0014388  1.0041689
ilr.fac1[26,3]  1.0051585  1.0199919
ilr.fac1[27,3]  0.9994556  0.9999329
ilr.fac1[28,3]  1.0009180  1.0044768
ilr.fac1[29,3]  0.9993681  1.0003088
ilr.fac1[30,3]  1.0021739  1.0096275
ilr.fac1[31,3]  1.0011276  1.0055446
ilr.fac1[32,3]  0.9993661  1.0003401
ilr.fac1[33,3]  1.0012850  1.0027200
ilr.fac1[34,3]  1.0012207  1.0041322
ilr.fac1[35,3]  0.9998372  1.0017755
ilr.fac1[36,3]  0.9995061  1.0007916
ilr.fac1[37,3]  1.0025655  1.0042717
ilr.fac1[38,3]  1.0029854  1.0078929
ilr.fac1[39,3]  0.9995230  0.9996371
ilr.fac1[40,3]  0.9997111  1.0010588
ilr.fac1[41,3]  0.9999174  1.0006380
ilr.fac1[42,3]  0.9997508  1.0012370
ilr.fac1[43,3]  0.9999066  1.0022999
ilr.fac1[44,3]  1.0024264  1.0111939
ilr.fac1[45,3]  1.0027139  1.0067239
ilr.fac1[46,3]  1.0019036  1.0047328
ilr.fac1[47,3]  1.0004985  1.0026988
ilr.fac1[48,3]  1.0000583  1.0019286
ilr.fac1[49,3]  1.0039302  1.0135088
ilr.fac1[50,3]  1.0018766  1.0039725
ilr.fac1[51,3]  0.9997954  1.0013584
ilr.fac1[52,3]  1.0008148  1.0034316
ilr.fac1[53,3]  1.0004417  1.0020781
ilr.fac1[54,3]  1.0010398  1.0033102
ilr.fac1[1,4]   1.0023812  1.0092611
ilr.fac1[2,4]   1.0006662  1.0009884
ilr.fac1[3,4]   1.0031697  1.0123389
ilr.fac1[4,4]   0.9995518  0.9996176
ilr.fac1[5,4]   1.0022518  1.0095453
ilr.fac1[6,4]   1.0012661  1.0023001
ilr.fac1[7,4]   0.9995252  1.0009182
ilr.fac1[8,4]   1.0017688  1.0079275
ilr.fac1[9,4]   0.9992634  0.9998469
ilr.fac1[10,4]  1.0021583  1.0079399
ilr.fac1[11,4]  1.0011527  1.0068694
ilr.fac1[12,4]  0.9996295  1.0001320
ilr.fac1[13,4]  0.9997027  1.0010022
ilr.fac1[14,4]  1.0032262  1.0119434
ilr.fac1[15,4]  1.0001885  1.0033039
ilr.fac1[16,4]  1.0010026  1.0038176
ilr.fac1[17,4]  1.0000759  1.0012143
ilr.fac1[18,4]  1.0023778  1.0111293
ilr.fac1[19,4]  1.0012594  1.0059277
ilr.fac1[20,4]  1.0027696  1.0085030
ilr.fac1[21,4]  0.9995067  1.0005393
ilr.fac1[22,4]  1.0000667  1.0020556
ilr.fac1[23,4]  0.9997269  1.0000594
ilr.fac1[24,4]  1.0018225  1.0080841
ilr.fac1[25,4]  1.0018884  1.0079861
ilr.fac1[26,4]  1.0024681  1.0060682
ilr.fac1[27,4]  0.9991658  0.9992324
ilr.fac1[28,4]  1.0036903  1.0120790
ilr.fac1[29,4]  1.0006802  1.0049469
ilr.fac1[30,4]  1.0008983  1.0052322
ilr.fac1[31,4]  1.0001653  1.0010841
ilr.fac1[32,4]  0.9991147  0.9991600
ilr.fac1[33,4]  1.0011702  1.0012174
ilr.fac1[34,4]  1.0025011  1.0117963
ilr.fac1[35,4]  0.9999383  1.0011906
ilr.fac1[36,4]  1.0018195  1.0070269
ilr.fac1[37,4]  1.0011903  1.0055102
ilr.fac1[38,4]  1.0000671  1.0009984
ilr.fac1[39,4]  1.0008895  1.0022646
ilr.fac1[40,4]  1.0044976  1.0137388
ilr.fac1[41,4]  1.0030235  1.0107563
ilr.fac1[42,4]  1.0036313  1.0113920
ilr.fac1[43,4]  1.0004189  1.0037595
ilr.fac1[44,4]  1.0007389  1.0044333
ilr.fac1[45,4]  1.0053566  1.0112967
ilr.fac1[46,4]  1.0013214  1.0019677
ilr.fac1[47,4]  0.9996863  1.0004254
ilr.fac1[48,4]  1.0003641  1.0019738
ilr.fac1[49,4]  1.0005554  1.0030399
ilr.fac1[50,4]  1.0058483  1.0182920
ilr.fac1[51,4]  1.0001362  1.0003246
ilr.fac1[52,4]  1.0002238  1.0027798
ilr.fac1[53,4]  1.0028527  1.0099157
ilr.fac1[54,4]  1.0005697  1.0037604
loglik[1]       1.0006369  1.0015453
loglik[2]       1.0000368  1.0002892
loglik[3]       1.0005557  1.0021447
loglik[4]       1.0020030  1.0021465
loglik[5]       1.0007627  1.0024552
loglik[6]       1.0014627  1.0038463
loglik[7]       1.0006067  1.0035201
loglik[8]       1.0021979  1.0098981
loglik[9]       1.0009763  1.0052820
loglik[10]      1.0037134  1.0117100
loglik[11]      1.0024963  1.0054977
loglik[12]      1.0015089  1.0069291
loglik[13]      1.0049610  1.0194441
loglik[14]      1.0005493  1.0032908
loglik[15]      1.0004489  1.0018842
loglik[16]      1.0032262  1.0069553
loglik[17]      1.0124185  1.0408742
loglik[18]      1.0014822  1.0069768
loglik[19]      1.0041181  1.0047109
loglik[20]      1.0010520  1.0042631
loglik[21]      0.9996970  1.0004246
loglik[22]      1.0013481  1.0026301
loglik[23]      0.9991987  0.9994621
loglik[24]      1.0018648  1.0031067
loglik[25]      1.0074560  1.0199576
loglik[26]      0.9997201  1.0006656
loglik[27]      1.0056343  1.0175233
loglik[28]      1.0007046  1.0052613
loglik[29]      1.0017126  1.0061141
loglik[30]      0.9994166  1.0001050
loglik[31]      0.9998657  1.0005601
loglik[32]      0.9993178  1.0001264
loglik[33]      1.0004282  1.0022819
loglik[34]      1.0008435  1.0021179
loglik[35]      1.0010558  1.0036094
loglik[36]      1.0027832  1.0051105
loglik[37]      0.9993171  0.9994316
loglik[38]      1.0010748  1.0033523
loglik[39]      1.0015840  1.0042085
loglik[40]      1.0030081  1.0062889
loglik[41]      1.0034789  1.0064058
loglik[42]      1.0036806  1.0142561
loglik[43]      1.0009313  1.0047536
loglik[44]      1.0023168  1.0079526
loglik[45]      1.0042847  1.0172415
loglik[46]      1.0035418  1.0115273
loglik[47]      1.0030401  1.0094349
loglik[48]      1.0039770  1.0160402
loglik[49]      1.0029349  1.0124593
loglik[50]      1.0033539  1.0139350
loglik[51]      1.0027491  1.0057461
loglik[52]      0.9998323  1.0000825
loglik[53]      1.0004378  1.0039877
loglik[54]      1.0003307  1.0012730
loglik[55]      1.0021111  1.0072861
loglik[56]      1.0039588  1.0152681
loglik[57]      0.9991200  0.9991489
loglik[58]      0.9997296  1.0011699
loglik[59]      1.0019372  1.0071154
loglik[60]      0.9999974  1.0014863
loglik[61]      1.0003495  1.0024591
loglik[62]      0.9991764  0.9993620
loglik[63]      1.0003760  1.0028839
loglik[64]      0.9994266  1.0003745
loglik[65]      1.0037484  1.0124923
loglik[66]      1.0009588  1.0043240
loglik[67]      0.9990960  0.9991632
loglik[68]      1.0002259  1.0030223
loglik[69]      1.0016509  1.0022184
loglik[70]      1.0008237  1.0035615
loglik[71]      1.0004755  1.0016370
loglik[72]      1.0095934  1.0248352
loglik[73]      1.0060523  1.0136397
loglik[74]      1.0007891  1.0046918
loglik[75]      1.0015465  1.0028020
loglik[76]      1.0018355  1.0037286
loglik[77]      1.0062603  1.0185186
loglik[78]      1.0040467  1.0146071
loglik[79]      1.0062774  1.0110621
loglik[80]      1.0004704  1.0040104
loglik[81]      1.0038301  1.0073370
loglik[82]      1.0002017  1.0010095
loglik[83]      1.0003165  1.0019941
loglik[84]      1.0005970  1.0028810
loglik[85]      0.9994960  1.0002049
loglik[86]      1.0005473  1.0015423
loglik[87]      1.0011383  1.0014510
loglik[88]      1.0047199  1.0069444
loglik[89]      1.0022632  1.0068934
loglik[90]      0.9996089  0.9998085
loglik[91]      1.0083662  1.0274137
loglik[92]      1.0033783  1.0094541
loglik[93]      1.0046475  1.0125506
loglik[94]      1.0078559  1.0121395
loglik[95]      1.0027619  1.0086048
loglik[96]      1.0012058  1.0023890
loglik[97]      1.0152619  1.0296978
loglik[98]      1.0018368  1.0043121
loglik[99]      1.0033714  1.0091262
loglik[100]     0.9996401  1.0011577
loglik[101]     0.9998951  1.0002558
loglik[102]     1.0035358  1.0097556
loglik[103]     1.0004518  1.0036391
loglik[104]     1.0058868  1.0201201
loglik[105]     1.0032948  1.0109370
loglik[106]     1.0010910  1.0052016
loglik[107]     1.0007854  1.0051103
loglik[108]     1.0006371  1.0042203
loglik[109]     1.0011554  1.0024035
loglik[110]     1.0005687  1.0027629
loglik[111]     0.9993949  0.9994783
loglik[112]     0.9995686  1.0006707
loglik[113]     1.0009523  1.0018179
loglik[114]     1.0014412  1.0060630
loglik[115]     1.0012143  1.0036709
loglik[116]     1.0041373  1.0151998
loglik[117]     1.0017400  1.0074962
loglik[118]     1.0064773  1.0195262
loglik[119]     1.0006049  1.0038359
loglik[120]     1.0003543  1.0011249
loglik[121]     1.0009445  1.0010287
loglik[122]     1.0093898  1.0151343
loglik[123]     1.0052955  1.0149624
loglik[124]     1.0040311  1.0167706
loglik[125]     1.0066958  1.0252969
loglik[126]     1.0008001  1.0024347
loglik[127]     0.9997752  1.0008511
loglik[128]     1.0010137  1.0042834
loglik[129]     1.0011192  1.0039733
loglik[130]     1.0033725  1.0123609
loglik[131]     1.0057428  1.0172548
loglik[132]     1.0022714  1.0067406
loglik[133]     1.0002622  1.0033110
loglik[134]     0.9993272  0.9994169
loglik[135]     1.0012401  1.0044039
loglik[136]     1.0025665  1.0063401
loglik[137]     1.0025962  1.0065457
loglik[138]     1.0028612  1.0105167
loglik[139]     1.0011757  1.0053404
loglik[140]     1.0010661  1.0051946
loglik[141]     1.0017641  1.0079004
loglik[142]     1.0004868  1.0011636
loglik[143]     1.0022072  1.0106111
loglik[144]     1.0016424  1.0079820
loglik[145]     1.0014542  1.0039511
loglik[146]     0.9996186  0.9999156
loglik[147]     0.9994589  0.9997412
loglik[148]     0.9994756  1.0001723
loglik[149]     1.0029694  1.0089409
loglik[150]     1.0021098  1.0029030
loglik[151]     0.9997257  1.0003694
loglik[152]     1.0019602  1.0020041
loglik[153]     1.0024990  1.0101978
loglik[154]     1.0012943  1.0051086
p.fac1[1,1]     1.0005124  1.0005353
p.fac1[2,1]     1.0018792  1.0083981
p.fac1[3,1]     1.0008772  1.0058479
p.fac1[4,1]     1.0006771  1.0045325
p.fac1[5,1]     0.9999849  1.0005383
p.fac1[6,1]     1.0029010  1.0073449
p.fac1[7,1]     0.9994479  1.0006304
p.fac1[8,1]     0.9994760  1.0002717
p.fac1[9,1]     1.0073546  1.0289825
p.fac1[10,1]    1.0050185  1.0158664
p.fac1[11,1]    1.0005265  1.0021297
p.fac1[12,1]    1.0139881  1.0293164
p.fac1[13,1]    1.0027714  1.0092665
p.fac1[14,1]    1.0138060  1.0420733
p.fac1[15,1]    1.0065115  1.0222208
p.fac1[16,1]    1.0120658  1.0234885
p.fac1[17,1]    1.0068749  1.0210363
p.fac1[18,1]    1.0032600  1.0130630
p.fac1[19,1]    1.0030528  1.0132450
p.fac1[20,1]    1.0013063  1.0024741
p.fac1[21,1]    0.9990683  0.9991259
p.fac1[22,1]    1.0010744  1.0057159
p.fac1[23,1]    1.0008132  1.0030734
p.fac1[24,1]    1.0017165  1.0088819
p.fac1[25,1]    1.0095030  1.0303518
p.fac1[26,1]    1.0083383  1.0263304
p.fac1[27,1]    1.0001267  1.0021767
p.fac1[28,1]    0.9998732  1.0020802
p.fac1[29,1]    1.0001397  1.0014907
p.fac1[30,1]    1.0004499  1.0043142
p.fac1[31,1]    1.0014891  1.0076019
p.fac1[32,1]    1.0034651  1.0126050
p.fac1[33,1]    0.9993677  0.9995644
p.fac1[34,1]    1.0026569  1.0083646
p.fac1[35,1]    1.0010849  1.0062430
p.fac1[36,1]    1.0038899  1.0127951
p.fac1[37,1]    1.0018525  1.0083433
p.fac1[38,1]    0.9995278  0.9997956
p.fac1[39,1]    1.0002184  1.0017878
p.fac1[40,1]    0.9995479  0.9997943
p.fac1[41,1]    1.0005049  1.0015031
p.fac1[42,1]    1.0026167  1.0105608
p.fac1[43,1]    1.0043558  1.0155469
p.fac1[44,1]    1.0006483  1.0045186
p.fac1[45,1]    1.0001778  1.0003164
p.fac1[46,1]    1.0035314  1.0118700
p.fac1[47,1]    1.0067106  1.0109544
p.fac1[48,1]    1.0025896  1.0103915
p.fac1[49,1]    1.0032321  1.0109609
p.fac1[50,1]    1.0015725  1.0083637
p.fac1[51,1]    0.9998562  1.0013969
p.fac1[52,1]    1.0003184  1.0038467
p.fac1[53,1]    1.0030088  1.0091589
p.fac1[54,1]    1.0033634  1.0129994
p.fac1[1,2]     1.0274782  1.0747987
p.fac1[2,2]     1.0095662  1.0260413
p.fac1[3,2]     1.0053695  1.0165503
p.fac1[4,2]     1.0183283  1.0400646
p.fac1[5,2]     0.9999055  1.0010815
p.fac1[6,2]     1.0164903  1.0273436
p.fac1[7,2]     1.0143869  1.0299460
p.fac1[8,2]     0.9999139  1.0005874
p.fac1[9,2]     1.0076614  1.0216079
p.fac1[10,2]    1.0022729  1.0034713
p.fac1[11,2]    1.0007983  1.0052896
p.fac1[12,2]    1.0014073  1.0061909
p.fac1[13,2]    1.0042888  1.0073227
p.fac1[14,2]    1.0018017  1.0085798
p.fac1[15,2]    1.0012209  1.0068692
p.fac1[16,2]    1.0022089  1.0078100
p.fac1[17,2]    1.0318107  1.0634994
p.fac1[18,2]    0.9996586  1.0001237
p.fac1[19,2]    1.0072969  1.0287014
p.fac1[20,2]    1.0123899  1.0390417
p.fac1[21,2]    1.0032457  1.0053761
p.fac1[22,2]    1.0001782  1.0009312
p.fac1[23,2]    1.0050881  1.0151116
p.fac1[24,2]    1.0041098  1.0135918
p.fac1[25,2]    1.0131993  1.0462090
p.fac1[26,2]    1.0103594  1.0278039
p.fac1[27,2]    1.0028530  1.0126557
p.fac1[28,2]    1.0010112  1.0038146
p.fac1[29,2]    1.0023205  1.0103485
p.fac1[30,2]    1.0773511  1.1519266
p.fac1[31,2]    1.0015963  1.0079048
p.fac1[32,2]    1.0018279  1.0084391
p.fac1[33,2]    1.0081477  1.0272384
p.fac1[34,2]    0.9994527  1.0005577
p.fac1[35,2]    1.0004481  1.0035885
p.fac1[36,2]    1.0000385  1.0015349
p.fac1[37,2]    1.0253255  1.0487542
p.fac1[38,2]    1.0006616  1.0037939
p.fac1[39,2]    1.0187488  1.0392918
p.fac1[40,2]    1.0063050  1.0158086
p.fac1[41,2]    1.0019057  1.0070052
p.fac1[42,2]    1.0142083  1.0406861
p.fac1[43,2]    1.0029326  1.0120581
p.fac1[44,2]    1.0006682  1.0050884
p.fac1[45,2]    1.0016749  1.0058883
p.fac1[46,2]    0.9994208  1.0003249
p.fac1[47,2]    1.0022584  1.0055867
p.fac1[48,2]    1.0142251  1.0395462
p.fac1[49,2]    0.9996021  1.0002056
p.fac1[50,2]    1.0087313  1.0300027
p.fac1[51,2]    1.0118532  1.0282242
p.fac1[52,2]    1.0062851  1.0249526
p.fac1[53,2]    1.0071844  1.0183414
p.fac1[54,2]    1.0239600  1.0609797
p.fac1[1,3]     1.0207490  1.0619626
p.fac1[2,3]     1.0049186  1.0154751
p.fac1[3,3]     1.0049938  1.0119931
p.fac1[4,3]     1.0124282  1.0355408
p.fac1[5,3]     1.0028097  1.0041477
p.fac1[6,3]     1.0059848  1.0110249
p.fac1[7,3]     1.0233755  1.0406148
p.fac1[8,3]     1.0059561  1.0114345
p.fac1[9,3]     1.0039737  1.0077166
p.fac1[10,3]    1.0105480  1.0349746
p.fac1[11,3]    1.0010071  1.0052720
p.fac1[12,3]    1.0016644  1.0065379
p.fac1[13,3]    1.0214666  1.0379449
p.fac1[14,3]    1.0001983  1.0017987
p.fac1[15,3]    1.0159651  1.0457970
p.fac1[16,3]    1.0064572  1.0164621
p.fac1[17,3]    1.0126461  1.0301231
p.fac1[18,3]    1.0012388  1.0018526
p.fac1[19,3]    1.0048870  1.0188142
p.fac1[20,3]    1.0206914  1.0385880
 [ reached getOption("max.print") -- omitted 149 rows ]

################################################################################
# Geweke Diagnostic
################################################################################

The Geweke diagnostic is a standard z-score, so we'd expect 5% to be outside +/-1.96
Number of variables outside +/-1.96 in each chain (out of 
649
):


       Chain 1 Chain 2 Chain 3
Geweke      58      97      72


And here are the Geweke diagnostics for all variables:

               chain1 chain2 chain3
deviance        0.991 -0.009 -0.366
fac1.sig        0.610  1.482  0.798
ilr.fac1[1,1]  -0.449  0.193 -0.274
ilr.fac1[2,1]   0.315  0.372  0.624
ilr.fac1[3,1]   1.880  0.678  1.781
ilr.fac1[4,1]  -0.600 -0.301  1.891
ilr.fac1[5,1]  -1.796 -0.781 -1.006
ilr.fac1[6,1]   1.210 -0.753 -1.095
ilr.fac1[7,1]  -0.494  0.182 -1.082
ilr.fac1[8,1]   0.306  1.395  1.639
ilr.fac1[9,1]   1.581  2.717  3.192
ilr.fac1[10,1] -0.024  1.316  0.535
ilr.fac1[11,1]  1.940 -0.379  2.950
ilr.fac1[12,1] -0.146  2.192  0.458
ilr.fac1[13,1] -1.264  0.380  0.857
ilr.fac1[14,1]  0.539  1.789  1.698
ilr.fac1[15,1] -0.091 -0.382  0.421
ilr.fac1[16,1]  0.358  0.928  0.030
ilr.fac1[17,1]  0.142  1.110  0.023
ilr.fac1[18,1]  1.514  1.710  0.718
ilr.fac1[19,1] -0.578  1.167  1.004
ilr.fac1[20,1]  0.039 -1.118  0.210
ilr.fac1[21,1]  1.193 -0.733  0.709
ilr.fac1[22,1] -1.929 -0.675 -1.060
ilr.fac1[23,1] -1.416  1.149  0.525
ilr.fac1[24,1] -0.160  0.179 -1.089
ilr.fac1[25,1]  0.293 -0.262  0.312
ilr.fac1[26,1]  1.699  4.507  0.620
ilr.fac1[27,1]  0.286  2.485  1.259
ilr.fac1[28,1] -2.926  2.455  0.287
ilr.fac1[29,1]  0.292 -0.639  0.467
ilr.fac1[30,1] -0.572 -1.097 -1.462
ilr.fac1[31,1]  1.044  1.528  1.769
ilr.fac1[32,1]  0.500 -1.152 -0.299
ilr.fac1[33,1]  1.441 -0.398  1.175
ilr.fac1[34,1]  0.233  2.589  2.037
ilr.fac1[35,1]  0.510  2.307  1.348
ilr.fac1[36,1]  0.005 -0.012  1.522
ilr.fac1[37,1] -0.186  1.230  1.136
ilr.fac1[38,1]  0.393  0.914  1.927
ilr.fac1[39,1]  0.305 -2.189 -0.444
ilr.fac1[40,1] -0.411  0.523  1.397
ilr.fac1[41,1] -1.264  0.686  1.328
ilr.fac1[42,1] -0.114  0.318 -0.055
ilr.fac1[43,1] -0.960  0.755 -0.697
ilr.fac1[44,1]  0.503  1.671  0.317
ilr.fac1[45,1]  0.890  1.423  0.922
ilr.fac1[46,1] -0.435  0.782  0.942
ilr.fac1[47,1]  0.058 -0.668 -0.803
ilr.fac1[48,1]  0.286  0.461  3.133
ilr.fac1[49,1] -0.343 -1.222  2.838
ilr.fac1[50,1]  1.593 -0.575 -0.652
ilr.fac1[51,1]  0.481 -0.346  0.629
ilr.fac1[52,1]  0.111  0.404 -0.037
ilr.fac1[53,1] -0.197  0.864  0.564
ilr.fac1[54,1]  0.233 -0.829 -0.198
ilr.fac1[1,2]  -0.732  0.280 -0.169
ilr.fac1[2,2]  -1.433  1.760  1.215
ilr.fac1[3,2]   1.569 -0.151  0.244
ilr.fac1[4,2]  -0.436 -1.022  0.184
ilr.fac1[5,2]  -0.574  0.076 -0.353
ilr.fac1[6,2]   0.667 -1.381 -1.677
ilr.fac1[7,2]   1.569  1.377  1.137
ilr.fac1[8,2]  -1.569  1.136 -0.154
ilr.fac1[9,2]  -1.644 -1.126 -3.419
ilr.fac1[10,2] -0.262 -0.728  0.867
ilr.fac1[11,2] -2.476 -0.868 -2.070
ilr.fac1[12,2] -1.759 -2.479  0.080
ilr.fac1[13,2] -2.137  1.369 -0.240
ilr.fac1[14,2] -2.343 -0.302 -2.866
ilr.fac1[15,2] -1.593  0.118  0.969
ilr.fac1[16,2] -0.562  2.022 -0.023
ilr.fac1[17,2]  0.258  0.765  1.179
ilr.fac1[18,2]  0.633  2.720  0.844
ilr.fac1[19,2] -0.113 -1.688 -1.740
ilr.fac1[20,2] -1.422  0.716  0.994
ilr.fac1[21,2] -2.202 -0.673 -0.939
ilr.fac1[22,2] -0.387 -1.058 -0.110
ilr.fac1[23,2]  0.411  0.749 -0.052
ilr.fac1[24,2] -1.033 -1.798  0.888
ilr.fac1[25,2] -1.758 -0.223  2.040
ilr.fac1[26,2] -1.161 -3.351 -3.206
ilr.fac1[27,2] -2.055 -1.701 -0.525
ilr.fac1[28,2]  0.815 -2.262 -0.521
ilr.fac1[29,2]  1.256  0.801 -0.406
ilr.fac1[30,2] -0.667  0.257  0.708
ilr.fac1[31,2] -3.145  2.283  0.102
ilr.fac1[32,2] -2.911 -0.456 -1.007
ilr.fac1[33,2]  0.658  0.466  0.973
ilr.fac1[34,2]  0.692 -0.966 -2.127
ilr.fac1[35,2] -2.187 -2.348 -1.250
ilr.fac1[36,2]  0.434 -0.110  0.579
ilr.fac1[37,2]  0.331  0.026 -0.598
ilr.fac1[38,2] -1.459  0.381  0.433
ilr.fac1[39,2] -0.707  0.706 -0.511
ilr.fac1[40,2]  0.264  0.484  0.674
ilr.fac1[41,2] -0.960  1.445 -0.071
ilr.fac1[42,2]  0.946 -0.691  0.690
ilr.fac1[43,2]  0.709 -1.815 -0.239
ilr.fac1[44,2] -0.006 -1.485 -1.496
ilr.fac1[45,2] -1.829 -1.195 -0.858
ilr.fac1[46,2] -1.533 -0.060  0.148
ilr.fac1[47,2] -0.632 -0.030  1.305
ilr.fac1[48,2]  0.374  0.289  0.775
ilr.fac1[49,2]  0.748  0.429  1.507
ilr.fac1[50,2] -2.093 -1.436  0.077
ilr.fac1[51,2]  0.015 -1.129  0.896
ilr.fac1[52,2]  0.558 -0.865 -0.980
ilr.fac1[53,2]  0.168  0.525 -0.467
ilr.fac1[54,2] -0.047 -0.211  0.433
ilr.fac1[1,3]  -0.327  0.852  0.211
ilr.fac1[2,3]   0.232  2.082  0.528
ilr.fac1[3,3]   1.414  0.945 -0.581
ilr.fac1[4,3]  -0.834 -0.211  0.780
ilr.fac1[5,3]  -0.541 -0.489 -0.683
ilr.fac1[6,3]   0.304  0.603 -0.888
ilr.fac1[7,3]   0.585  0.880 -2.460
ilr.fac1[8,3]  -1.239 -1.456 -0.461
ilr.fac1[9,3]   1.101  0.796  0.724
ilr.fac1[10,3] -1.289  0.282 -1.312
ilr.fac1[11,3] -0.478 -0.046  1.233
ilr.fac1[12,3] -0.794  1.402 -0.793
ilr.fac1[13,3] -1.978  0.477 -2.533
ilr.fac1[14,3]  0.058 -0.564 -0.458
ilr.fac1[15,3]  1.000  1.591  1.302
ilr.fac1[16,3] -0.502 -0.507  0.582
ilr.fac1[17,3]  1.665  1.468  0.243
ilr.fac1[18,3]  0.213 -2.085  1.019
ilr.fac1[19,3] -0.129 -0.680 -1.567
ilr.fac1[20,3]  0.179 -1.565 -1.412
ilr.fac1[21,3] -0.043 -0.703 -0.163
ilr.fac1[22,3] -0.405  0.638 -1.385
ilr.fac1[23,3] -0.801  0.178 -1.315
ilr.fac1[24,3]  1.744 -0.762 -1.230
ilr.fac1[25,3] -0.301 -2.273 -0.279
ilr.fac1[26,3]  2.089 -0.115  0.387
ilr.fac1[27,3] -1.284  0.726  1.344
ilr.fac1[28,3] -2.086  0.110 -1.724
ilr.fac1[29,3] -0.592  1.098  2.240
ilr.fac1[30,3]  1.057  0.148 -0.806
ilr.fac1[31,3]  0.069  0.086 -1.921
ilr.fac1[32,3]  0.172  1.067 -1.707
ilr.fac1[33,3]  1.432 -0.085 -0.074
ilr.fac1[34,3] -1.810  0.563  0.494
ilr.fac1[35,3]  1.309  0.523  0.353
ilr.fac1[36,3] -0.751  0.759  2.126
ilr.fac1[37,3] -2.420 -0.209 -0.199
ilr.fac1[38,3]  1.417  0.223 -1.347
ilr.fac1[39,3] -0.416 -0.915 -0.575
ilr.fac1[40,3]  0.572  0.449 -1.459
ilr.fac1[41,3]  1.462 -0.550 -0.357
ilr.fac1[42,3]  0.871 -0.303  0.612
ilr.fac1[43,3] -0.801  0.150 -0.884
ilr.fac1[44,3] -1.062 -1.272 -1.918
ilr.fac1[45,3]  0.108  0.956 -0.477
ilr.fac1[46,3] -1.473  1.591 -1.249
ilr.fac1[47,3]  0.287  1.296 -0.305
ilr.fac1[48,3]  1.025  0.458  1.199
ilr.fac1[49,3] -0.099 -0.201  0.334
ilr.fac1[50,3]  1.252  1.231  0.658
ilr.fac1[51,3]  1.070  2.439  0.780
ilr.fac1[52,3] -0.522  1.276 -0.034
ilr.fac1[53,3] -0.535  0.268 -0.909
ilr.fac1[54,3]  1.287  1.008  0.307
ilr.fac1[1,4]  -2.000 -0.732 -0.878
ilr.fac1[2,4]   1.803 -1.203 -1.354
ilr.fac1[3,4]  -0.572  0.309  0.575
ilr.fac1[4,4]  -2.562 -1.164  1.423
ilr.fac1[5,4]   0.918 -0.966  0.822
ilr.fac1[6,4]  -0.420 -0.392 -0.732
ilr.fac1[7,4]   1.272 -0.031  0.574
ilr.fac1[8,4]  -1.820 -2.443  0.971
ilr.fac1[9,4]   1.096  0.324  3.746
ilr.fac1[10,4] -0.746 -1.578 -1.049
ilr.fac1[11,4]  0.717  0.840  2.645
ilr.fac1[12,4]  0.644 -0.299  0.015
ilr.fac1[13,4]  1.340 -0.012  1.205
ilr.fac1[14,4]  0.732 -1.651  1.349
ilr.fac1[15,4] -0.434 -0.746  0.185
ilr.fac1[16,4]  0.346  0.278 -0.266
ilr.fac1[17,4] -0.777 -0.251 -1.927
ilr.fac1[18,4] -0.900  0.648  0.720
ilr.fac1[19,4] -0.186 -0.532  2.675
ilr.fac1[20,4] -0.077 -0.740 -1.095
ilr.fac1[21,4] -0.138 -0.598 -1.266
ilr.fac1[22,4] -1.263 -0.687 -1.521
ilr.fac1[23,4]  1.047 -0.770 -1.408
ilr.fac1[24,4]  0.951 -0.070 -1.068
ilr.fac1[25,4]  0.517 -1.242 -1.526
ilr.fac1[26,4]  0.825  3.411  4.029
ilr.fac1[27,4]  0.052 -0.478  0.809
ilr.fac1[28,4] -2.330  1.565 -1.502
ilr.fac1[29,4]  0.658 -0.118  1.127
ilr.fac1[30,4]  1.817  0.644  0.659
ilr.fac1[31,4]  0.550 -1.801 -0.033
ilr.fac1[32,4]  0.255 -0.150  0.503
ilr.fac1[33,4] -0.255 -2.307  0.598
ilr.fac1[34,4] -2.453  0.038  1.302
ilr.fac1[35,4]  0.737  1.549  0.264
ilr.fac1[36,4]  0.350 -1.784  1.234
ilr.fac1[37,4] -1.212  0.108  1.536
ilr.fac1[38,4]  0.659 -0.343 -0.798
ilr.fac1[39,4] -2.090 -0.812 -1.079
ilr.fac1[40,4]  0.078 -0.242  1.095
ilr.fac1[41,4]  0.433 -1.890  1.512
ilr.fac1[42,4]  0.504 -1.665 -1.615
ilr.fac1[43,4] -1.250  0.616  0.456
ilr.fac1[44,4] -0.307 -0.611 -2.491
ilr.fac1[45,4]  1.049  0.105 -0.347
ilr.fac1[46,4]  0.302 -1.017  0.197
ilr.fac1[47,4]  1.794 -0.519 -0.564
ilr.fac1[48,4]  0.708 -1.478  0.968
ilr.fac1[49,4]  0.398 -1.471 -0.433
ilr.fac1[50,4]  0.411  0.219 -0.721
ilr.fac1[51,4] -0.312  0.384 -0.252
ilr.fac1[52,4]  0.193 -0.026 -0.542
ilr.fac1[53,4]  0.969  0.929 -0.911
ilr.fac1[54,4] -1.115 -1.463 -2.461
loglik[1]       0.007 -1.653 -1.645
loglik[2]      -0.656 -0.381 -0.697
loglik[3]      -1.180 -1.292 -1.666
loglik[4]      -0.531 -0.687  0.107
loglik[5]      -0.855 -0.079  0.227
loglik[6]      -0.200  0.283 -0.212
loglik[7]       1.565 -0.840 -0.143
loglik[8]      -0.647  0.340 -1.083
loglik[9]      -0.554 -0.335  0.632
loglik[10]     -2.039  0.955 -1.617
loglik[11]      0.464  0.981  3.791
loglik[12]      2.185  0.127 -0.337
loglik[13]     -0.582 -0.234  0.945
loglik[14]      0.255 -0.421  0.102
loglik[15]      0.042 -0.817 -0.333
loglik[16]      1.419  0.930  0.935
loglik[17]     -1.518  1.031  0.477
loglik[18]      0.369  0.847 -0.541
loglik[19]     -0.914  0.352  0.435
loglik[20]     -0.868 -0.161  0.733
loglik[21]      0.880  0.081  0.762
loglik[22]     -0.807 -2.187  0.613
loglik[23]      0.384 -0.550 -1.397
loglik[24]     -0.785 -4.102  0.282
loglik[25]     -1.329  0.413  0.401
loglik[26]     -1.313 -2.125 -1.319
loglik[27]     -0.866  0.537  0.180
loglik[28]     -0.467  0.272 -1.527
loglik[29]     -1.754  0.795 -1.953
loglik[30]     -0.709  2.421  1.279
loglik[31]      1.318  3.235  0.418
loglik[32]     -0.150  3.291  1.103
loglik[33]     -0.034 -1.145 -0.033
loglik[34]     -1.441  0.316  0.220
loglik[35]      0.570  0.735 -0.070
loglik[36]     -2.039 -0.023  0.433
loglik[37]      0.676  1.321 -0.771
loglik[38]      0.328 -0.178  0.355
loglik[39]      1.812  0.461 -1.684
loglik[40]     -0.533  0.917 -0.016
loglik[41]     -0.071  1.611  0.151
loglik[42]      1.571 -0.515  0.093
loglik[43]     -0.095 -2.924  1.227
loglik[44]     -0.159  0.493 -0.335
loglik[45]     -0.349 -1.419 -1.161
loglik[46]      0.725  1.957  1.090
loglik[47]     -0.346  0.098 -0.110
loglik[48]      1.838 -0.958 -0.066
loglik[49]      0.307 -0.625  0.348
loglik[50]      1.793 -1.459  1.177
loglik[51]     -0.682 -0.613  1.836
loglik[52]     -0.661 -0.392  1.196
loglik[53]     -0.552 -1.040 -0.829
loglik[54]      0.047  2.131 -1.423
loglik[55]     -0.450  1.436 -2.295
loglik[56]      1.065  0.097  2.019
loglik[57]      0.066 -0.342  1.356
loglik[58]     -0.356 -0.535  0.562
loglik[59]     -0.831 -0.297 -0.116
loglik[60]      0.121  2.475  0.401
loglik[61]     -2.137  0.933  0.009
loglik[62]      1.142 -0.686 -0.268
loglik[63]     -0.953 -0.277  0.328
loglik[64]     -2.001  0.893 -0.417
loglik[65]      1.354 -1.137 -0.322
loglik[66]     -0.016  1.843  1.820
loglik[67]      1.558 -0.353 -0.012
loglik[68]     -0.697 -0.074 -1.705
loglik[69]      0.776  0.136 -0.163
loglik[70]     -0.461 -0.290 -1.108
loglik[71]      0.427 -1.087 -0.207
loglik[72]     -0.025 -1.289  0.497
loglik[73]     -0.717 -0.746  0.399
loglik[74]      0.594 -1.314  0.094
loglik[75]     -0.432 -1.100  0.008
loglik[76]     -0.917 -0.971 -0.394
loglik[77]      2.841 -0.043 -0.484
loglik[78]     -0.131 -0.724 -0.949
loglik[79]      1.927 -0.394 -0.714
loglik[80]      0.593  1.508 -0.460
loglik[81]     -0.966  0.632 -0.534
loglik[82]      0.233  0.721 -0.904
loglik[83]     -0.385 -0.247 -1.245
loglik[84]      1.771 -1.800  0.458
loglik[85]      1.203 -1.474  0.423
loglik[86]      0.113 -0.462  1.412
loglik[87]     -1.018  0.137  1.067
loglik[88]     -0.691  0.527  3.694
loglik[89]     -0.918 -0.876  1.871
loglik[90]     -0.359 -0.951 -1.475
loglik[91]     -1.559 -0.619 -1.043
loglik[92]     -1.070  0.015  0.319
loglik[93]      2.587 -0.570  0.713
loglik[94]      1.330 -0.347  0.149
loglik[95]     -0.348  1.707 -0.372
loglik[96]      0.624 -1.058  1.806
loglik[97]     -1.020  1.217  1.554
loglik[98]     -3.434  0.448 -0.699
loglik[99]     -2.293  0.395 -1.309
loglik[100]    -0.180  0.124  2.446
loglik[101]     0.490  0.549  2.254
loglik[102]    -0.529 -1.126 -0.499
loglik[103]     0.266  0.057  0.447
loglik[104]     1.135  0.081  0.176
loglik[105]     1.616  0.008  0.270
loglik[106]    -0.684  1.469 -0.029
loglik[107]    -0.867  2.812  0.188
loglik[108]     1.670  0.407 -0.281
loglik[109]     1.266 -0.140 -0.491
loglik[110]    -0.164 -0.683 -0.189
loglik[111]    -0.586  1.270  1.141
loglik[112]     0.275  1.796  1.061
loglik[113]     0.664 -0.261  0.695
loglik[114]    -1.141 -1.080  0.091
loglik[115]     0.139  0.637  0.289
 [ reached 'max' / getOption("max.print") -- omitted 316 rows ]
