
#################################################################
# Summary Statistics
#################################################################

DIC = 198.6682

               Mean    SD  2.5%    5%   25%   50%   75%   95% 97.5%
Epsilon.1     0.027 0.008 0.014 0.016 0.021 0.026 0.032 0.043 0.047
Epsilon.2     0.025 0.004 0.018 0.019 0.022 0.025 0.028 0.032 0.034
Individual.SD 1.940 0.310 1.438 1.505 1.728 1.904 2.112 2.508 2.662
p.global.P01  0.278 0.083 0.138 0.154 0.218 0.273 0.329 0.423 0.459
p.global.P02  0.439 0.091 0.266 0.291 0.375 0.439 0.500 0.593 0.624
p.global.P03  0.132 0.061 0.041 0.052 0.088 0.124 0.165 0.243 0.282
p.global.P04  0.098 0.047 0.028 0.036 0.063 0.092 0.126 0.185 0.205
p.global.P05  0.052 0.029 0.013 0.016 0.031 0.046 0.067 0.106 0.120
p.G01.P01     0.026 0.028 0.000 0.001 0.006 0.017 0.037 0.083 0.102
p.G02.P01     0.127 0.084 0.003 0.008 0.052 0.122 0.190 0.271 0.295
p.G03.P01     0.187 0.116 0.005 0.010 0.083 0.193 0.279 0.367 0.391
p.G04.P01     0.091 0.077 0.002 0.004 0.026 0.074 0.139 0.237 0.267
p.G05.P01     0.041 0.046 0.000 0.001 0.008 0.025 0.058 0.134 0.168
p.G06.P01     0.027 0.029 0.000 0.001 0.006 0.017 0.039 0.085 0.104
p.G07.P01     0.033 0.035 0.000 0.001 0.006 0.021 0.049 0.104 0.126
p.G08.P01     0.808 0.157 0.422 0.569 0.739 0.838 0.913 0.981 0.990
p.G09.P01     0.253 0.143 0.009 0.021 0.140 0.256 0.358 0.485 0.528
p.G10.P01     0.655 0.167 0.112 0.316 0.595 0.685 0.758 0.849 0.887
p.G11.P01     0.287 0.158 0.011 0.021 0.160 0.299 0.406 0.534 0.570
p.G12.P01     0.465 0.227 0.017 0.036 0.315 0.508 0.632 0.785 0.834
p.G13.P01     0.092 0.068 0.002 0.004 0.031 0.081 0.143 0.213 0.233
p.G14.P01     0.418 0.160 0.036 0.086 0.332 0.446 0.530 0.633 0.672
p.G15.P01     0.354 0.238 0.007 0.014 0.134 0.349 0.557 0.731 0.778
p.G16.P01     0.016 0.021 0.000 0.000 0.002 0.008 0.022 0.059 0.074
p.G17.P01     0.076 0.061 0.001 0.003 0.024 0.065 0.114 0.192 0.217
p.G18.P01     0.865 0.116 0.612 0.687 0.820 0.888 0.942 0.986 0.992
p.G19.P01     0.171 0.132 0.003 0.006 0.050 0.150 0.269 0.406 0.451
p.G20.P01     0.032 0.034 0.000 0.001 0.006 0.020 0.047 0.104 0.123
p.G21.P01     0.184 0.147 0.002 0.004 0.051 0.162 0.287 0.441 0.494
p.G22.P01     0.148 0.117 0.002 0.005 0.046 0.130 0.229 0.362 0.412
p.G23.P01     0.394 0.140 0.045 0.117 0.323 0.410 0.485 0.597 0.649
p.G24.P01     0.246 0.133 0.006 0.018 0.144 0.256 0.342 0.454 0.486
p.G25.P01     0.049 0.046 0.001 0.002 0.013 0.035 0.071 0.145 0.166
p.G26.P01     0.089 0.090 0.001 0.002 0.017 0.060 0.134 0.269 0.315
p.G27.P01     0.474 0.153 0.058 0.145 0.408 0.500 0.577 0.671 0.709
p.G28.P01     0.239 0.125 0.008 0.023 0.149 0.248 0.331 0.434 0.466
p.G29.P01     0.498 0.159 0.078 0.166 0.417 0.538 0.610 0.693 0.719
p.G30.P01     0.012 0.014 0.000 0.000 0.002 0.007 0.016 0.041 0.053
p.G31.P01     0.676 0.151 0.245 0.409 0.619 0.701 0.768 0.869 0.907
p.G32.P01     0.083 0.072 0.001 0.003 0.024 0.066 0.123 0.222 0.257
p.G33.P01     0.145 0.091 0.004 0.009 0.066 0.148 0.213 0.290 0.314
p.G34.P01     0.184 0.128 0.003 0.007 0.066 0.181 0.286 0.395 0.424
p.G35.P01     0.641 0.151 0.215 0.364 0.580 0.663 0.735 0.835 0.866
p.G36.P01     0.488 0.142 0.099 0.200 0.423 0.510 0.581 0.675 0.711
p.G37.P01     0.873 0.117 0.616 0.699 0.833 0.898 0.944 0.988 0.993
p.G38.P01     0.059 0.053 0.001 0.002 0.015 0.044 0.089 0.162 0.187
p.G39.P01     0.851 0.119 0.607 0.670 0.801 0.871 0.929 0.982 0.991
p.G40.P01     0.033 0.035 0.000 0.001 0.007 0.021 0.048 0.109 0.128
p.G41.P01     0.122 0.081 0.003 0.006 0.050 0.121 0.182 0.256 0.281
p.G42.P01     0.586 0.158 0.164 0.294 0.506 0.610 0.693 0.792 0.823
p.G43.P01     0.101 0.074 0.002 0.005 0.040 0.090 0.151 0.238 0.263
p.G44.P01     0.162 0.109 0.004 0.008 0.066 0.156 0.244 0.348 0.379
p.G45.P01     0.131 0.120 0.002 0.004 0.032 0.096 0.203 0.372 0.428
p.G46.P01     0.299 0.139 0.016 0.040 0.207 0.317 0.399 0.511 0.539
p.G47.P01     0.629 0.193 0.076 0.202 0.554 0.664 0.757 0.873 0.914
p.G48.P01     0.023 0.029 0.000 0.000 0.003 0.012 0.030 0.084 0.109
p.G49.P01     0.177 0.101 0.005 0.012 0.092 0.186 0.258 0.329 0.352
p.G50.P01     0.077 0.073 0.001 0.003 0.019 0.055 0.114 0.233 0.265
p.G51.P01     0.066 0.056 0.002 0.003 0.020 0.053 0.100 0.176 0.198
p.G52.P01     0.047 0.044 0.001 0.002 0.013 0.033 0.068 0.136 0.156
p.G53.P01     0.165 0.111 0.003 0.008 0.073 0.156 0.246 0.355 0.385
p.G54.P01     0.857 0.141 0.466 0.633 0.814 0.890 0.947 0.986 0.992
p.G55.P01     0.043 0.042 0.001 0.002 0.011 0.030 0.064 0.129 0.147
p.G01.P02     0.746 0.116 0.504 0.558 0.681 0.760 0.824 0.898 0.921
p.G02.P02     0.673 0.104 0.449 0.499 0.617 0.681 0.740 0.825 0.852
p.G03.P02     0.570 0.124 0.245 0.341 0.515 0.587 0.647 0.735 0.771
p.G04.P02     0.676 0.109 0.449 0.492 0.615 0.686 0.750 0.831 0.850
p.G05.P02     0.153 0.112 0.002 0.005 0.054 0.143 0.235 0.353 0.381
p.G06.P02     0.679 0.131 0.401 0.468 0.600 0.684 0.777 0.861 0.882
p.G07.P02     0.884 0.074 0.728 0.762 0.843 0.891 0.936 0.985 0.992
p.G08.P02     0.040 0.041 0.001 0.001 0.009 0.026 0.059 0.125 0.147
p.G09.P02     0.216 0.159 0.005 0.010 0.076 0.191 0.334 0.503 0.546
p.G10.P02     0.046 0.048 0.001 0.002 0.013 0.031 0.064 0.145 0.172
p.G11.P02     0.224 0.149 0.006 0.013 0.096 0.218 0.335 0.477 0.524
p.G12.P02     0.131 0.100 0.002 0.005 0.046 0.116 0.200 0.309 0.342
p.G13.P02     0.777 0.088 0.596 0.629 0.722 0.776 0.836 0.921 0.945
p.G14.P02     0.182 0.113 0.007 0.015 0.092 0.176 0.261 0.383 0.417
p.G15.P02     0.181 0.112 0.006 0.012 0.086 0.181 0.262 0.369 0.398
p.G16.P02     0.941 0.062 0.777 0.820 0.923 0.961 0.983 0.996 0.998
p.G17.P02     0.731 0.099 0.537 0.570 0.673 0.733 0.798 0.880 0.905
p.G18.P02     0.037 0.037 0.001 0.001 0.009 0.025 0.055 0.113 0.132
p.G19.P02     0.431 0.193 0.014 0.034 0.337 0.474 0.565 0.687 0.722
p.G20.P02     0.891 0.073 0.727 0.759 0.844 0.903 0.949 0.987 0.993
p.G21.P02     0.044 0.045 0.001 0.002 0.011 0.030 0.063 0.139 0.165
p.G22.P02     0.057 0.055 0.001 0.002 0.016 0.041 0.083 0.168 0.197
p.G23.P02     0.066 0.059 0.001 0.003 0.020 0.050 0.097 0.180 0.206
p.G24.P02     0.148 0.148 0.004 0.007 0.045 0.106 0.189 0.504 0.582
p.G25.P02     0.557 0.131 0.277 0.355 0.481 0.553 0.640 0.769 0.800
p.G26.P02     0.108 0.158 0.001 0.002 0.013 0.042 0.108 0.519 0.572
p.G27.P02     0.113 0.107 0.002 0.004 0.030 0.076 0.170 0.331 0.385
p.G28.P02     0.141 0.140 0.003 0.006 0.039 0.094 0.192 0.457 0.527
p.G29.P02     0.232 0.107 0.014 0.029 0.159 0.251 0.313 0.382 0.400
p.G30.P02     0.937 0.070 0.781 0.822 0.916 0.955 0.980 0.996 0.998
p.G31.P02     0.136 0.078 0.006 0.012 0.073 0.138 0.194 0.261 0.284
p.G32.P02     0.312 0.140 0.037 0.076 0.228 0.308 0.389 0.577 0.644
p.G33.P02     0.657 0.103 0.435 0.481 0.595 0.668 0.724 0.811 0.840
p.G34.P02     0.061 0.068 0.001 0.002 0.014 0.037 0.083 0.213 0.256
p.G35.P02     0.135 0.080 0.006 0.013 0.069 0.135 0.193 0.267 0.293
p.G36.P02     0.126 0.097 0.003 0.007 0.047 0.107 0.183 0.316 0.351
p.G37.P02     0.034 0.034 0.000 0.001 0.008 0.023 0.052 0.105 0.123
p.G38.P02     0.773 0.096 0.579 0.618 0.715 0.778 0.839 0.919 0.945
p.G39.P02     0.046 0.045 0.001 0.002 0.011 0.033 0.068 0.138 0.161
p.G40.P02     0.870 0.089 0.682 0.719 0.822 0.882 0.935 0.986 0.992
p.G41.P02     0.723 0.098 0.526 0.559 0.664 0.728 0.785 0.872 0.906
p.G42.P02     0.129 0.085 0.004 0.008 0.055 0.119 0.196 0.273 0.298
p.G43.P02     0.624 0.114 0.380 0.429 0.558 0.631 0.700 0.796 0.822
p.G44.P02     0.260 0.162 0.009 0.023 0.140 0.242 0.350 0.571 0.631
p.G45.P02     0.207 0.135 0.005 0.012 0.097 0.201 0.301 0.446 0.495
p.G46.P02     0.121 0.138 0.002 0.003 0.020 0.063 0.182 0.427 0.488
p.G47.P02     0.061 0.058 0.001 0.003 0.016 0.043 0.088 0.181 0.213
p.G48.P02     0.915 0.087 0.687 0.747 0.885 0.941 0.975 0.994 0.997
 [ reached getOption("max.print") -- omitted 172 rows ]
