
################################################################################
# Gelman-Rubin Diagnostic
################################################################################

Generally the Gelman diagnostic should be < 1.05


Out of 994 variables: 220 > 1.01

                      
49 > 1.05

                      
21 > 1.1


The worst variables are:

             Point est. Upper C.I.
p.fac1[30,3]   1.237003   1.317984
p.fac1[39,1]   1.228203   1.729222
p.fac1[37,1]   1.220536   1.691057
p.fac1[18,1]   1.217462   1.675140
p.fac1[54,1]   1.209977   1.643656
p.fac1[37,2]   1.204412   1.618101
p.global[1]    1.202340   1.625731
p.fac1[39,2]   1.201384   1.606498
p.fac1[18,2]   1.187421   1.552082
p.fac1[54,2]   1.156821   1.438696


And here are the Gelman diagnostics for all variables:

               Point est. Upper C.I.
deviance        1.0001469  1.0017553
fac1.sig        1.0462942  1.1377695
ilr.fac1[1,1]   1.0037575  1.0127301
ilr.fac1[1,2]   1.0013038  1.0017708
ilr.fac1[1,3]   1.0019804  1.0042618
ilr.fac1[1,4]   1.0020945  1.0055750
ilr.fac1[1,5]   1.0046173  1.0101875
ilr.fac1[1,6]   1.0245535  1.0735895
ilr.fac1[1,7]   1.0032767  1.0059352
ilr.fac1[10,1]  1.0333815  1.0576202
ilr.fac1[10,2]  1.0048583  1.0158126
ilr.fac1[10,3]  1.0022638  1.0064312
ilr.fac1[10,4]  1.0074198  1.0179663
ilr.fac1[10,5]  1.0042261  1.0127541
ilr.fac1[10,6]  1.0027804  1.0059653
ilr.fac1[10,7]  1.0561958  1.0921755
ilr.fac1[11,1]  1.0134419  1.0394241
ilr.fac1[11,2]  1.0055061  1.0160144
ilr.fac1[11,3]  1.0024958  1.0032309
ilr.fac1[11,4]  1.0065822  1.0076507
ilr.fac1[11,5]  1.0023626  1.0044171
ilr.fac1[11,6]  1.0041130  1.0073655
ilr.fac1[11,7]  1.0031192  1.0064943
ilr.fac1[12,1]  1.0097678  1.0231969
ilr.fac1[12,2]  1.0075705  1.0242822
ilr.fac1[12,3]  1.0053734  1.0081157
ilr.fac1[12,4]  1.0019082  1.0054297
ilr.fac1[12,5]  1.0056846  1.0160153
ilr.fac1[12,6]  1.0044475  1.0134565
ilr.fac1[12,7]  1.0299902  1.0730234
ilr.fac1[13,1]  1.0058909  1.0218426
ilr.fac1[13,2]  1.0195075  1.0619293
ilr.fac1[13,3]  1.0047005  1.0121968
ilr.fac1[13,4]  1.0027369  1.0047921
ilr.fac1[13,5]  1.0011542  1.0035944
ilr.fac1[13,6]  1.0132438  1.0244655
ilr.fac1[13,7]  1.0036875  1.0105050
ilr.fac1[14,1]  1.0096574  1.0259601
ilr.fac1[14,2]  1.0004982  1.0019096
ilr.fac1[14,3]  1.0010618  1.0018303
ilr.fac1[14,4]  1.0058899  1.0140585
ilr.fac1[14,5]  1.0016373  1.0041940
ilr.fac1[14,6]  1.0037906  1.0042367
ilr.fac1[14,7]  1.0021826  1.0025594
ilr.fac1[15,1]  1.0079206  1.0154878
ilr.fac1[15,2]  1.0011515  1.0039352
ilr.fac1[15,3]  1.0014544  1.0047276
ilr.fac1[15,4]  1.0022266  1.0058667
ilr.fac1[15,5]  1.0076390  1.0133083
ilr.fac1[15,6]  1.0094218  1.0236570
ilr.fac1[15,7]  1.0047019  1.0079853
ilr.fac1[16,1]  1.0068013  1.0248573
ilr.fac1[16,2]  1.0013572  1.0045318
ilr.fac1[16,3]  1.0065180  1.0155052
ilr.fac1[16,4]  1.0047046  1.0060708
ilr.fac1[16,5]  1.0031666  1.0072794
ilr.fac1[16,6]  1.0056445  1.0056636
ilr.fac1[16,7]  1.0020029  1.0037505
ilr.fac1[17,1]  1.0049717  1.0144037
ilr.fac1[17,2]  1.0035992  1.0097230
ilr.fac1[17,3]  1.0037116  1.0106106
ilr.fac1[17,4]  1.0015133  1.0035590
ilr.fac1[17,5]  1.0016334  1.0053156
ilr.fac1[17,6]  1.0096166  1.0235062
ilr.fac1[17,7]  1.0027935  1.0067343
ilr.fac1[18,1]  1.0756553  1.2022846
ilr.fac1[18,2]  1.0057267  1.0169116
ilr.fac1[18,3]  1.0019961  1.0040679
ilr.fac1[18,4]  1.0026782  1.0055393
ilr.fac1[18,5]  1.0017627  1.0027432
ilr.fac1[18,6]  1.0034060  1.0074473
ilr.fac1[18,7]  1.0030474  1.0089007
ilr.fac1[19,1]  1.0098216  1.0266388
ilr.fac1[19,2]  1.0039739  1.0079640
ilr.fac1[19,3]  1.0026608  1.0078061
ilr.fac1[19,4]  1.0023102  1.0027358
ilr.fac1[19,5]  1.0017788  1.0041402
ilr.fac1[19,6]  1.0032243  1.0073485
ilr.fac1[19,7]  1.0052408  1.0057608
ilr.fac1[2,1]   1.0020489  1.0052482
ilr.fac1[2,2]   1.0056554  1.0199209
ilr.fac1[2,3]   1.0010005  1.0024092
ilr.fac1[2,4]   1.0020768  1.0037062
ilr.fac1[2,5]   1.0028818  1.0034846
ilr.fac1[2,6]   1.0057670  1.0091574
ilr.fac1[2,7]   1.0047416  1.0072998
ilr.fac1[20,1]  1.0068419  1.0254647
ilr.fac1[20,2]  1.0050441  1.0103093
ilr.fac1[20,3]  1.0034625  1.0067335
ilr.fac1[20,4]  1.0012276  1.0040855
ilr.fac1[20,5]  1.0027166  1.0037175
ilr.fac1[20,6]  1.0049514  1.0099621
ilr.fac1[20,7]  1.0023182  1.0024265
ilr.fac1[21,1]  1.0173975  1.0483355
ilr.fac1[21,2]  1.0045815  1.0170335
ilr.fac1[21,3]  1.0039053  1.0116425
ilr.fac1[21,4]  1.0031575  1.0064813
ilr.fac1[21,5]  1.0263459  1.0354621
ilr.fac1[21,6]  1.0003398  1.0006075
ilr.fac1[21,7]  1.0032872  1.0077895
ilr.fac1[22,1]  1.0209279  1.0572820
ilr.fac1[22,2]  1.0051876  1.0142164
ilr.fac1[22,3]  1.0039555  1.0102970
ilr.fac1[22,4]  1.0033487  1.0057959
ilr.fac1[22,5]  1.0317324  1.0345104
ilr.fac1[22,6]  1.0025029  1.0056132
ilr.fac1[22,7]  1.0019834  1.0050729
ilr.fac1[23,1]  1.0182908  1.0564842
ilr.fac1[23,2]  1.0069437  1.0249491
ilr.fac1[23,3]  1.0071942  1.0157121
ilr.fac1[23,4]  1.0016174  1.0017388
ilr.fac1[23,5]  1.0324469  1.0535554
ilr.fac1[23,6]  1.0052186  1.0083606
ilr.fac1[23,7]  1.0019673  1.0033883
ilr.fac1[24,1]  1.0065070  1.0140736
ilr.fac1[24,2]  1.0023525  1.0079816
ilr.fac1[24,3]  1.0000571  1.0007105
ilr.fac1[24,4]  1.0052009  1.0082994
ilr.fac1[24,5]  1.0050117  1.0117615
ilr.fac1[24,6]  1.0068552  1.0083511
ilr.fac1[24,7]  1.0012688  1.0035132
ilr.fac1[25,1]  1.0074535  1.0217014
ilr.fac1[25,2]  1.0001240  1.0002767
ilr.fac1[25,3]  1.0009946  1.0013709
ilr.fac1[25,4]  1.0053709  1.0147843
ilr.fac1[25,5]  1.0060441  1.0175142
ilr.fac1[25,6]  1.0171609  1.0455866
ilr.fac1[25,7]  1.0020885  1.0025606
ilr.fac1[26,1]  1.0047547  1.0178559
ilr.fac1[26,2]  1.0029466  1.0108164
ilr.fac1[26,3]  1.0016731  1.0020379
ilr.fac1[26,4]  1.0078848  1.0220243
ilr.fac1[26,5]  1.0064406  1.0148978
ilr.fac1[26,6]  1.0028748  1.0066500
ilr.fac1[26,7]  1.0046790  1.0109272
ilr.fac1[27,1]  1.0099223  1.0285380
ilr.fac1[27,2]  1.0056104  1.0178094
ilr.fac1[27,3]  1.0016271  1.0038207
ilr.fac1[27,4]  1.0095451  1.0238462
ilr.fac1[27,5]  1.0029882  1.0033294
ilr.fac1[27,6]  1.0014822  1.0023352
ilr.fac1[27,7]  1.0053330  1.0102909
ilr.fac1[28,1]  1.0061049  1.0156405
ilr.fac1[28,2]  1.0040087  1.0153865
ilr.fac1[28,3]  1.0018997  1.0043072
ilr.fac1[28,4]  1.0047397  1.0082976
ilr.fac1[28,5]  1.0076063  1.0096426
ilr.fac1[28,6]  1.0026823  1.0056905
ilr.fac1[28,7]  1.0037172  1.0053571
ilr.fac1[29,1]  1.0064060  1.0127102
ilr.fac1[29,2]  0.9999029  1.0006910
ilr.fac1[29,3]  1.0046598  1.0117171
ilr.fac1[29,4]  1.0006605  1.0016912
ilr.fac1[29,5]  1.0025858  1.0033762
ilr.fac1[29,6]  1.0003247  1.0004683
ilr.fac1[29,7]  1.0012720  1.0021146
ilr.fac1[3,1]   1.0008476  1.0017970
ilr.fac1[3,2]   1.0047698  1.0140735
ilr.fac1[3,3]   1.0044126  1.0161925
ilr.fac1[3,4]   1.0016931  1.0017846
ilr.fac1[3,5]   1.0038141  1.0078348
ilr.fac1[3,6]   1.0021252  1.0026483
ilr.fac1[3,7]   1.0039932  1.0049960
ilr.fac1[30,1]  1.0068177  1.0219270
ilr.fac1[30,2]  1.0007185  1.0012110
ilr.fac1[30,3]  1.0045944  1.0048871
ilr.fac1[30,4]  1.0021921  1.0033307
ilr.fac1[30,5]  1.0016735  1.0037101
ilr.fac1[30,6]  1.0149997  1.0478044
ilr.fac1[30,7]  1.0050809  1.0097491
ilr.fac1[31,1]  1.0467376  1.1343489
ilr.fac1[31,2]  1.0054746  1.0172647
ilr.fac1[31,3]  1.0026773  1.0081954
ilr.fac1[31,4]  1.0049046  1.0169332
ilr.fac1[31,5]  1.0010602  1.0011550
ilr.fac1[31,6]  1.0049333  1.0134210
ilr.fac1[31,7]  1.0011653  1.0012240
ilr.fac1[32,1]  1.0109128  1.0399939
ilr.fac1[32,2]  1.0004317  1.0013022
ilr.fac1[32,3]  1.0034786  1.0070292
ilr.fac1[32,4]  1.0074951  1.0229914
ilr.fac1[32,5]  1.0013015  1.0052311
ilr.fac1[32,6]  1.0036029  1.0079036
ilr.fac1[32,7]  1.0030567  1.0049664
ilr.fac1[33,1]  1.0014558  1.0042436
ilr.fac1[33,2]  1.0079124  1.0285554
ilr.fac1[33,3]  1.0012605  1.0020785
ilr.fac1[33,4]  1.0009863  1.0013860
ilr.fac1[33,5]  1.0057683  1.0116013
ilr.fac1[33,6]  1.0151430  1.0302590
ilr.fac1[33,7]  1.0036109  1.0074760
ilr.fac1[34,1]  1.0044223  1.0082188
ilr.fac1[34,2]  1.0017398  1.0075160
ilr.fac1[34,3]  1.0014606  1.0042837
ilr.fac1[34,4]  1.0016699  1.0047830
ilr.fac1[34,5]  1.0025862  1.0036199
ilr.fac1[34,6]  1.0010969  1.0018733
ilr.fac1[34,7]  1.0506248  1.1153726
ilr.fac1[35,1]  1.0075794  1.0214970
ilr.fac1[35,2]  1.0048841  1.0145107
ilr.fac1[35,3]  1.0054510  1.0122199
ilr.fac1[35,4]  1.0018460  1.0035113
ilr.fac1[35,5]  1.0033830  1.0052434
ilr.fac1[35,6]  1.0032207  1.0060342
ilr.fac1[35,7]  1.0026564  1.0030701
ilr.fac1[36,1]  1.0018515  1.0058010
ilr.fac1[36,2]  1.0046422  1.0165880
ilr.fac1[36,3]  1.0029600  1.0088573
ilr.fac1[36,4]  1.0180928  1.0315309
ilr.fac1[36,5]  1.0048005  1.0162533
ilr.fac1[36,6]  1.0032686  1.0050332
ilr.fac1[36,7]  1.0035086  1.0082251
ilr.fac1[37,1]  1.0684664  1.1897250
ilr.fac1[37,2]  1.0059906  1.0191797
ilr.fac1[37,3]  1.0005991  1.0011775
ilr.fac1[37,4]  1.0044813  1.0077211
ilr.fac1[37,5]  1.0012155  1.0016907
ilr.fac1[37,6]  1.0018986  1.0048639
ilr.fac1[37,7]  1.0033506  1.0110749
ilr.fac1[38,1]  1.0089392  1.0324318
ilr.fac1[38,2]  1.0041088  1.0113138
ilr.fac1[38,3]  1.0026502  1.0034181
ilr.fac1[38,4]  1.0033206  1.0073193
ilr.fac1[38,5]  1.0013382  1.0013631
ilr.fac1[38,6]  1.0097020  1.0203264
ilr.fac1[38,7]  1.0023501  1.0074162
ilr.fac1[39,1]  1.0725996  1.1968958
ilr.fac1[39,2]  1.0063723  1.0215066
ilr.fac1[39,3]  1.0016808  1.0057425
ilr.fac1[39,4]  1.0042050  1.0095384
ilr.fac1[39,5]  1.0010483  1.0027494
ilr.fac1[39,6]  1.0008575  1.0016191
ilr.fac1[39,7]  1.0047164  1.0103366
ilr.fac1[4,1]   1.0005676  1.0033951
ilr.fac1[4,2]   1.0059786  1.0136007
ilr.fac1[4,3]   1.0038793  1.0039109
ilr.fac1[4,4]   1.0006212  1.0014592
ilr.fac1[4,5]   1.0014707  1.0026857
ilr.fac1[4,6]   1.0052676  1.0072126
ilr.fac1[4,7]   1.0028348  1.0053624
ilr.fac1[40,1]  1.0028945  1.0118221
ilr.fac1[40,2]  1.0020881  1.0061939
ilr.fac1[40,3]  1.0034716  1.0053985
ilr.fac1[40,4]  1.0017390  1.0035243
ilr.fac1[40,5]  1.0003911  1.0005856
ilr.fac1[40,6]  1.0069161  1.0175215
ilr.fac1[40,7]  1.0010586  1.0011582
ilr.fac1[41,1]  1.0028245  1.0081425
ilr.fac1[41,2]  1.0155398  1.0478542
ilr.fac1[41,3]  1.0039633  1.0094789
ilr.fac1[41,4]  1.0017452  1.0027596
ilr.fac1[41,5]  1.0057605  1.0168757
ilr.fac1[41,6]  1.0094835  1.0234400
ilr.fac1[41,7]  1.0069155  1.0082753
ilr.fac1[42,1]  1.0327777  1.0886125
ilr.fac1[42,2]  1.0133630  1.0453159
ilr.fac1[42,3]  1.0028991  1.0083845
ilr.fac1[42,4]  1.0007728  1.0008047
ilr.fac1[42,5]  1.0065167  1.0098224
ilr.fac1[42,6]  1.0049554  1.0070512
ilr.fac1[42,7]  1.0019116  1.0028187
ilr.fac1[43,1]  1.0039755  1.0152706
ilr.fac1[43,2]  1.0022947  1.0030056
ilr.fac1[43,3]  1.0027250  1.0101450
ilr.fac1[43,4]  1.0024744  1.0031092
ilr.fac1[43,5]  1.0017414  1.0023760
ilr.fac1[43,6]  1.0080826  1.0139458
ilr.fac1[43,7]  1.0031332  1.0075547
ilr.fac1[44,1]  1.0053512  1.0178435
ilr.fac1[44,2]  1.0030628  1.0085812
ilr.fac1[44,3]  1.0015994  1.0018991
ilr.fac1[44,4]  1.0124417  1.0230916
ilr.fac1[44,5]  1.0035418  1.0038751
ilr.fac1[44,6]  1.0034342  1.0075465
ilr.fac1[44,7]  1.0036462  1.0057895
ilr.fac1[45,1]  1.0071362  1.0208923
ilr.fac1[45,2]  1.0015745  1.0042332
ilr.fac1[45,3]  1.0036050  1.0132284
ilr.fac1[45,4]  1.0070553  1.0217934
ilr.fac1[45,5]  1.0088927  1.0135304
ilr.fac1[45,6]  1.0025166  1.0033505
ilr.fac1[45,7]  1.0025348  1.0053370
ilr.fac1[46,1]  1.0119887  1.0291159
ilr.fac1[46,2]  1.0033466  1.0124798
ilr.fac1[46,3]  1.0018151  1.0058996
ilr.fac1[46,4]  1.0042301  1.0156944
ilr.fac1[46,5]  1.0013443  1.0019503
ilr.fac1[46,6]  1.0015104  1.0017464
ilr.fac1[46,7]  1.0046279  1.0083860
ilr.fac1[47,1]  1.0129488  1.0298566
ilr.fac1[47,2]  1.0054881  1.0208363
ilr.fac1[47,3]  1.0013747  1.0051978
ilr.fac1[47,4]  1.0002527  1.0010042
ilr.fac1[47,5]  1.0040638  1.0111846
ilr.fac1[47,6]  1.0017021  1.0022025
ilr.fac1[47,7]  1.0510454  1.1088443
ilr.fac1[48,1]  1.0030171  1.0100249
ilr.fac1[48,2]  1.0011929  1.0013350
ilr.fac1[48,3]  1.0059246  1.0147683
ilr.fac1[48,4]  1.0030329  1.0074589
ilr.fac1[48,5]  1.0039947  1.0054180
ilr.fac1[48,6]  1.0043294  1.0128226
ilr.fac1[48,7]  1.0043402  1.0045781
ilr.fac1[49,1]  1.0021517  1.0076782
ilr.fac1[49,2]  1.0041214  1.0108009
ilr.fac1[49,3]  1.0030332  1.0061568
ilr.fac1[49,4]  1.0032573  1.0043780
ilr.fac1[49,5]  1.0009350  1.0021297
ilr.fac1[49,6]  1.0071714  1.0098929
ilr.fac1[49,7]  1.0057215  1.0134025
ilr.fac1[5,1]   1.0027322  1.0098849
ilr.fac1[5,2]   1.0037133  1.0049610
ilr.fac1[5,3]   1.0007767  1.0033738
ilr.fac1[5,4]   1.0011626  1.0025813
ilr.fac1[5,5]   1.0086732  1.0124521
ilr.fac1[5,6]   1.0006891  1.0017183
ilr.fac1[5,7]   1.0012371  1.0027953
ilr.fac1[50,1]  1.0016151  1.0039969
ilr.fac1[50,2]  1.0039643  1.0121198
ilr.fac1[50,3]  1.0022977  1.0055732
ilr.fac1[50,4]  1.0031384  1.0116610
ilr.fac1[50,5]  1.0054222  1.0126212
ilr.fac1[50,6]  1.0029324  1.0097388
ilr.fac1[50,7]  1.0013120  1.0018069
ilr.fac1[51,1]  1.0052733  1.0192508
ilr.fac1[51,2]  1.0010359  1.0021785
ilr.fac1[51,3]  1.0034672  1.0063837
ilr.fac1[51,4]  1.0029937  1.0121484
ilr.fac1[51,5]  1.0023767  1.0056009
ilr.fac1[51,6]  1.0146420  1.0212830
ilr.fac1[51,7]  1.0023517  1.0047710
ilr.fac1[52,1]  1.0076143  1.0240297
ilr.fac1[52,2]  1.0022836  1.0033238
ilr.fac1[52,3]  1.0027071  1.0078135
ilr.fac1[52,4]  1.0052519  1.0064536
ilr.fac1[52,5]  1.0038588  1.0047972
ilr.fac1[52,6]  1.0241230  1.0613659
ilr.fac1[52,7]  1.0002932  1.0003026
ilr.fac1[53,1]  1.0053133  1.0141812
ilr.fac1[53,2]  1.0005196  1.0018143
ilr.fac1[53,3]  1.0017062  1.0037627
ilr.fac1[53,4]  1.0035979  1.0059788
ilr.fac1[53,5]  1.0030898  1.0066256
ilr.fac1[53,6]  1.0064100  1.0102974
ilr.fac1[53,7]  1.0032563  1.0062557
ilr.fac1[54,1]  1.0647061  1.1776796
ilr.fac1[54,2]  1.0096650  1.0341111
ilr.fac1[54,3]  1.0019579  1.0028564
ilr.fac1[54,4]  1.0010218  1.0012027
ilr.fac1[54,5]  1.0019384  1.0029785
ilr.fac1[54,6]  1.0011826  1.0043825
ilr.fac1[54,7]  1.0039868  1.0073769
ilr.fac1[55,1]  1.0086818  1.0313472
ilr.fac1[55,2]  1.0022801  1.0023252
ilr.fac1[55,3]  1.0009881  1.0023724
ilr.fac1[55,4]  1.0018750  1.0021751
ilr.fac1[55,5]  1.0041639  1.0060054
ilr.fac1[55,6]  1.0143739  1.0380982
ilr.fac1[55,7]  1.0068532  1.0133001
ilr.fac1[6,1]   1.0073762  1.0221412
ilr.fac1[6,2]   1.0017669  1.0028744
ilr.fac1[6,3]   1.0012016  1.0015816
ilr.fac1[6,4]   0.9998750  1.0008524
ilr.fac1[6,5]   1.0019664  1.0034107
ilr.fac1[6,6]   1.0352540  1.0837009
ilr.fac1[6,7]   1.0012343  1.0036983
ilr.fac1[7,1]   1.0022334  1.0083552
ilr.fac1[7,2]   1.0031023  1.0067074
ilr.fac1[7,3]   1.0027455  1.0075394
ilr.fac1[7,4]   1.0030016  1.0059634
ilr.fac1[7,5]   1.0053623  1.0065335
ilr.fac1[7,6]   1.0086747  1.0214228
ilr.fac1[7,7]   1.0026695  1.0034850
ilr.fac1[8,1]   1.0697334  1.1985444
ilr.fac1[8,2]   1.0059827  1.0197779
ilr.fac1[8,3]   1.0035950  1.0081505
ilr.fac1[8,4]   1.0022025  1.0030576
ilr.fac1[8,5]   1.0117075  1.0298647
ilr.fac1[8,6]   1.0023683  1.0036566
ilr.fac1[8,7]   1.0051788  1.0139040
ilr.fac1[9,1]   1.0048100  1.0111980
ilr.fac1[9,2]   1.0061567  1.0199940
ilr.fac1[9,3]   1.0037406  1.0086505
ilr.fac1[9,4]   1.0037144  1.0047346
ilr.fac1[9,5]   1.0088389  1.0201057
ilr.fac1[9,6]   1.0027271  1.0037576
ilr.fac1[9,7]   1.0090899  1.0113929
loglik[1]       1.0042756  1.0127129
loglik[10]      1.0001560  1.0003222
loglik[100]     1.0056936  1.0119841
loglik[101]     1.0009642  1.0042731
loglik[102]     1.0010149  1.0021066
loglik[103]     1.0156296  1.0540724
loglik[104]     1.0131071  1.0444456
loglik[105]     1.0039187  1.0121483
loglik[106]     1.0024278  1.0073418
loglik[107]     1.0009738  1.0042625
loglik[108]     1.0004490  1.0019690
loglik[109]     1.0002274  1.0003047
loglik[11]      1.0016876  1.0039651
loglik[110]     1.0006493  1.0009028
loglik[111]     1.0006224  1.0028594
loglik[112]     1.0011001  1.0041192
loglik[113]     1.0040352  1.0114704
loglik[114]     1.0007792  1.0021647
loglik[115]     1.0014780  1.0035710
loglik[116]     0.9998477  1.0000648
loglik[117]     1.0034773  1.0065894
loglik[118]     1.0024461  1.0078044
loglik[119]     1.0050438  1.0145722
loglik[12]      1.0018593  1.0025499
loglik[120]     1.0032805  1.0101376
loglik[121]     1.0021961  1.0073830
loglik[122]     1.0011163  1.0039987
loglik[123]     1.0009293  1.0018615
loglik[124]     1.0008849  1.0011287
loglik[125]     1.0000591  1.0001290
loglik[126]     1.0004857  1.0006342
loglik[127]     1.0008611  1.0043346
loglik[128]     1.0001497  1.0013777
loglik[129]     1.0052959  1.0148153
loglik[13]      1.0054397  1.0150066
loglik[130]     1.0016371  1.0058059
loglik[131]     1.0002244  1.0015241
loglik[132]     1.0006753  1.0025248
loglik[133]     1.0016354  1.0043723
loglik[134]     0.9999128  1.0004402
loglik[135]     1.0036060  1.0087045
loglik[136]     1.0007775  1.0029147
loglik[137]     1.0122879  1.0168941
loglik[138]     1.0010918  1.0023193
loglik[139]     1.0006738  1.0037016
loglik[14]      0.9999274  1.0007778
loglik[140]     1.0006108  1.0034159
loglik[141]     1.0006575  1.0009603
loglik[142]     1.0355868  1.0735827
loglik[143]     1.0014494  1.0042419
loglik[144]     1.0004783  1.0010575
loglik[145]     1.0006953  1.0011109
loglik[146]     1.0022085  1.0068046
loglik[147]     1.0021564  1.0042176
loglik[148]     1.0008327  1.0028165
loglik[149]     1.0014392  1.0062849
loglik[15]      1.0030089  1.0093983
loglik[150]     1.0018577  1.0022851
loglik[151]     1.0021608  1.0039022
loglik[152]     1.0009900  1.0011110
loglik[153]     1.0016747  1.0048727
loglik[154]     1.0011470  1.0029536
loglik[155]     0.9998699  1.0008594
loglik[156]     1.0005241  1.0017998
loglik[157]     1.0004685  1.0011658
loglik[16]      1.0016745  1.0067794
loglik[17]      1.0022864  1.0074615
loglik[18]      1.0011069  1.0029528
loglik[19]      1.0030822  1.0093139
loglik[2]       1.0017083  1.0035501
loglik[20]      1.0004617  1.0024191
loglik[21]      1.0002659  1.0021266
loglik[22]      1.0003768  1.0010155
loglik[23]      1.0005070  1.0029068
loglik[24]      0.9998409  1.0005793
loglik[25]      1.0026998  1.0080407
loglik[26]      1.0001939  1.0012665
loglik[27]      0.9999963  1.0009755
loglik[28]      0.9995885  0.9997156
loglik[29]      1.0027352  1.0044219
loglik[3]       1.0001705  1.0015271
loglik[30]      1.0053023  1.0203505
loglik[31]      0.9999625  1.0000080
loglik[32]      1.0028973  1.0118457
loglik[33]      1.0010269  1.0039492
loglik[34]      1.0013995  1.0027071
loglik[35]      1.0028810  1.0061281
loglik[36]      1.0012128  1.0054705
loglik[37]      1.0003635  1.0010530
loglik[38]      1.0008803  1.0045352
loglik[39]      1.0010498  1.0046458
loglik[4]       1.0020308  1.0050792
loglik[40]      0.9996322  0.9998424
loglik[41]      1.0002780  1.0014464
loglik[42]      0.9998579  1.0007603
loglik[43]      1.0021509  1.0071203
loglik[44]      1.0010781  1.0031700
loglik[45]      1.0012837  1.0047582
loglik[46]      1.0004286  1.0025409
loglik[47]      1.0002829  1.0016741
loglik[48]      0.9997531  1.0000944
loglik[49]      1.0010892  1.0042690
loglik[5]       0.9997346  1.0001374
loglik[50]      1.0004551  1.0024292
loglik[51]      0.9998859  1.0002116
loglik[52]      1.0030104  1.0116565
loglik[53]      0.9996460  0.9996557
loglik[54]      1.0026416  1.0056537
loglik[55]      1.0003012  1.0003829
loglik[56]      1.0031974  1.0082253
loglik[57]      1.0000812  1.0002112
loglik[58]      1.0007942  1.0032481
loglik[59]      1.0018163  1.0025182
 [ reached getOption("max.print") -- omitted 494 rows ]

################################################################################
# Geweke Diagnostic
################################################################################

The Geweke diagnostic is a standard z-score, so we'd expect 5% to be outside +/-1.96
Number of variables outside +/-1.96 in each chain (out of 
994
):


       Chain 1 Chain 2 Chain 3
Geweke     134     232     152


And here are the Geweke diagnostics for all variables:

               chain1 chain2 chain3
deviance        2.023 -1.578 -1.441
fac1.sig        0.431  0.532  0.543
ilr.fac1[1,1]   0.929 -3.865  2.028
ilr.fac1[1,2]   0.156 -3.701  1.927
ilr.fac1[1,3]  -1.486  1.190 -0.364
ilr.fac1[1,4]  -2.540 -0.897  0.955
ilr.fac1[1,5]  -2.902  0.963  0.479
ilr.fac1[1,6]   0.605 -0.581 -0.452
ilr.fac1[1,7]   1.020  0.906  0.355
ilr.fac1[10,1]  0.589  0.614 -1.462
ilr.fac1[10,2] -0.839  1.382  0.013
ilr.fac1[10,3]  0.020  2.254 -1.346
ilr.fac1[10,4] -1.260 -0.718  1.553
ilr.fac1[10,5] -0.218  0.118 -1.193
ilr.fac1[10,6]  0.957 -2.508 -0.660
ilr.fac1[10,7] -0.083  1.565  1.138
ilr.fac1[11,1]  0.796  0.218 -0.341
ilr.fac1[11,2]  0.892 -0.006  2.247
ilr.fac1[11,3] -0.332  1.532 -2.525
ilr.fac1[11,4] -0.050  0.033 -0.403
ilr.fac1[11,5] -0.579  0.785  0.769
ilr.fac1[11,6]  0.023  0.499  1.416
ilr.fac1[11,7]  0.049  0.670  2.468
ilr.fac1[12,1] -0.379 -0.587 -0.844
ilr.fac1[12,2] -0.651 -0.304 -0.373
ilr.fac1[12,3] -0.621  0.624  0.554
ilr.fac1[12,4]  0.001  2.890 -0.126
ilr.fac1[12,5] -1.427 -0.205 -1.240
ilr.fac1[12,6]  3.372 -1.298  0.501
ilr.fac1[12,7] -0.439  1.828  0.598
ilr.fac1[13,1]  2.099 -5.124 -1.215
ilr.fac1[13,2]  0.449 -0.880  0.153
ilr.fac1[13,3]  0.629 -1.426 -0.124
ilr.fac1[13,4] -0.924 -0.566  0.965
ilr.fac1[13,5] -0.024 -0.884 -0.197
ilr.fac1[13,6] -1.632 -2.139  0.001
ilr.fac1[13,7]  0.613  0.423  0.531
ilr.fac1[14,1]  1.028 -1.057  2.918
ilr.fac1[14,2]  0.952 -0.633  2.079
ilr.fac1[14,3] -0.883  0.118  0.549
ilr.fac1[14,4] -0.523  0.555 -1.067
ilr.fac1[14,5] -0.770 -2.078 -0.851
ilr.fac1[14,6]  1.913 -2.424  3.100
ilr.fac1[14,7]  0.368 -0.158  0.652
ilr.fac1[15,1]  1.091  0.683  0.955
ilr.fac1[15,2]  1.393 -0.058 -0.517
ilr.fac1[15,3] -0.583  1.420  0.367
ilr.fac1[15,4]  1.759 -1.031  1.293
ilr.fac1[15,5]  1.914 -1.477 -0.492
ilr.fac1[15,6]  1.866  0.497  1.073
ilr.fac1[15,7]  0.379  0.381 -0.743
ilr.fac1[16,1]  1.083 -4.205  0.968
ilr.fac1[16,2] -1.526 -0.340  0.904
ilr.fac1[16,3]  0.324  0.639 -1.394
ilr.fac1[16,4] -1.402  0.899  0.882
ilr.fac1[16,5] -1.105 -0.705  2.181
ilr.fac1[16,6] -1.603  0.631  0.358
ilr.fac1[16,7] -1.371 -0.372  0.134
ilr.fac1[17,1]  0.140 -2.463 -1.079
ilr.fac1[17,2]  0.194  1.955  1.270
ilr.fac1[17,3]  0.536 -0.732  0.440
ilr.fac1[17,4] -0.672 -1.324 -1.120
ilr.fac1[17,5] -0.768 -1.918  0.499
ilr.fac1[17,6]  0.680 -1.889 -0.103
ilr.fac1[17,7] -1.188  1.874  2.160
ilr.fac1[18,1]  0.395  3.463 -1.614
ilr.fac1[18,2] -0.788  0.515  2.801
ilr.fac1[18,3] -2.136  1.406 -1.571
ilr.fac1[18,4]  0.048  1.022  0.191
ilr.fac1[18,5]  0.243  2.421  1.577
ilr.fac1[18,6]  0.111  0.015  0.725
ilr.fac1[18,7] -0.237 -0.739  0.525
ilr.fac1[19,1]  0.599 -3.559  1.744
ilr.fac1[19,2]  0.712  0.361  0.381
ilr.fac1[19,3]  1.764 -0.395 -1.423
ilr.fac1[19,4]  1.207  2.045  0.009
ilr.fac1[19,5]  0.548  3.800  1.770
ilr.fac1[19,6] -2.037 -1.552  2.180
ilr.fac1[19,7] -0.973 -0.545  1.186
ilr.fac1[2,1]   1.996 -0.418 -0.474
ilr.fac1[2,2]   2.172 -0.138  1.380
ilr.fac1[2,3]   1.922 -0.170  1.530
ilr.fac1[2,4]  -0.040 -0.306  0.860
ilr.fac1[2,5]  -2.697 -0.818  1.100
ilr.fac1[2,6]  -0.996 -0.735 -0.347
ilr.fac1[2,7]  -0.132  0.702  0.591
ilr.fac1[20,1] -0.035 -5.922  2.797
ilr.fac1[20,2]  0.375  0.147  0.088
ilr.fac1[20,3]  1.208 -0.742 -0.482
ilr.fac1[20,4]  1.550 -1.174  1.230
ilr.fac1[20,5] -1.606 -0.129  0.054
ilr.fac1[20,6] -2.510 -0.749 -0.377
ilr.fac1[20,7]  1.318 -0.659  1.972
ilr.fac1[21,1] -1.093  1.777 -3.412
ilr.fac1[21,2]  1.306  1.723 -1.400
ilr.fac1[21,3] -2.822  0.622 -1.664
ilr.fac1[21,4]  3.741 -0.589 -0.729
ilr.fac1[21,5]  1.029 -1.543 -3.442
ilr.fac1[21,6]  2.472 -0.575 -0.285
ilr.fac1[21,7] -0.263 -0.230  0.047
ilr.fac1[22,1] -0.389 -2.466 -1.211
ilr.fac1[22,2]  1.937  0.311 -0.555
ilr.fac1[22,3] -2.118  0.214 -1.805
ilr.fac1[22,4]  2.780  0.962 -0.234
ilr.fac1[22,5]  1.382 -1.775 -2.413
ilr.fac1[22,6]  1.184 -2.504  0.254
ilr.fac1[22,7]  0.821  2.635  0.902
ilr.fac1[23,1] -0.767  6.375 -0.689
ilr.fac1[23,2]  1.582  0.442  0.209
ilr.fac1[23,3] -1.411  1.382  0.441
ilr.fac1[23,4]  3.607  0.177  1.245
ilr.fac1[23,5]  0.640  0.939 -1.827
ilr.fac1[23,6]  0.794 -0.161  0.058
ilr.fac1[23,7]  1.576  0.679  0.338
ilr.fac1[24,1] -0.262 -1.651  0.313
ilr.fac1[24,2]  0.291 -0.566  2.531
ilr.fac1[24,3] -0.668  0.456  0.084
ilr.fac1[24,4]  0.185 -0.857 -1.065
ilr.fac1[24,5]  0.490  0.068 -1.647
ilr.fac1[24,6]  0.377  2.195  1.959
ilr.fac1[24,7] -0.900  1.349  3.156
ilr.fac1[25,1]  1.524 -5.018  1.412
ilr.fac1[25,2] -0.970  0.338  0.786
ilr.fac1[25,3]  1.522 -1.100  0.644
ilr.fac1[25,4] -1.183 -0.560  2.088
ilr.fac1[25,5] -3.973 -0.716 -0.371
ilr.fac1[25,6]  0.561 -0.705 -1.017
ilr.fac1[25,7] -0.007  1.295 -0.583
ilr.fac1[26,1] -0.962 -2.708  1.209
ilr.fac1[26,2] -2.686  1.343  0.284
ilr.fac1[26,3]  0.166  2.599 -0.770
ilr.fac1[26,4] -0.286 -1.426  0.036
ilr.fac1[26,5] -2.610 -0.278  0.658
ilr.fac1[26,6]  0.578  0.093 -0.423
ilr.fac1[26,7] -0.745  1.287  1.225
ilr.fac1[27,1]  0.007 -0.229  0.543
ilr.fac1[27,2]  0.763  0.863  2.644
ilr.fac1[27,3] -1.350  1.851 -1.158
ilr.fac1[27,4] -0.390  3.213  0.177
ilr.fac1[27,5] -0.782 -0.088  0.805
ilr.fac1[27,6]  0.379  0.256  2.498
ilr.fac1[27,7]  0.222  0.026  0.577
ilr.fac1[28,1] -0.656 -0.696 -1.051
ilr.fac1[28,2]  0.132  0.435 -0.407
ilr.fac1[28,3]  0.359  0.180 -1.132
ilr.fac1[28,4] -1.427 -0.561 -0.264
ilr.fac1[28,5]  0.016  0.833  0.768
ilr.fac1[28,6]  0.493 -0.984 -0.153
ilr.fac1[28,7]  1.463  0.681  0.901
ilr.fac1[29,1] -0.105  0.764 -1.551
ilr.fac1[29,2]  0.181  0.415 -1.156
ilr.fac1[29,3]  0.299  1.690  1.230
ilr.fac1[29,4]  3.258 -0.711  0.955
ilr.fac1[29,5] -0.609 -1.773  0.120
ilr.fac1[29,6] -0.946  1.235  2.362
ilr.fac1[29,7] -0.088  1.617  0.352
ilr.fac1[3,1]  -2.033 -0.227  0.208
ilr.fac1[3,2]  -1.372 -0.106  0.220
ilr.fac1[3,3]   0.965 -0.141 -0.195
ilr.fac1[3,4]  -0.395 -1.108  1.667
ilr.fac1[3,5]  -1.233 -1.316 -0.217
ilr.fac1[3,6]  -0.480  0.193  0.427
ilr.fac1[3,7]   2.276 -0.869  1.344
ilr.fac1[30,1]  0.691 -5.240  2.193
ilr.fac1[30,2] -0.363  1.260 -1.009
ilr.fac1[30,3]  1.618 -0.951  1.645
ilr.fac1[30,4] -0.624  0.348 -0.151
ilr.fac1[30,5] -2.097 -1.639  1.767
ilr.fac1[30,6]  0.319 -1.454 -0.807
ilr.fac1[30,7] -0.476 -0.933  0.536
ilr.fac1[31,1]  0.551  4.492 -2.409
ilr.fac1[31,2]  0.308  3.344 -1.190
ilr.fac1[31,3] -0.640  0.991  1.135
ilr.fac1[31,4]  0.966 -1.807  1.405
ilr.fac1[31,5]  1.247 -0.019  0.301
ilr.fac1[31,6]  0.046  0.345  0.666
ilr.fac1[31,7]  1.215 -1.256  1.884
ilr.fac1[32,1] -2.204 -3.481  0.322
ilr.fac1[32,2] -0.718 -0.216 -0.622
ilr.fac1[32,3]  0.877 -0.629  0.311
ilr.fac1[32,4] -1.655 -0.796  1.635
ilr.fac1[32,5] -1.714  0.027  1.925
ilr.fac1[32,6] -0.797 -1.736 -1.117
ilr.fac1[32,7]  0.056 -1.182  0.679
ilr.fac1[33,1]  1.222 -2.803  1.683
ilr.fac1[33,2] -1.219  0.847 -0.441
ilr.fac1[33,3]  1.112 -1.013  0.339
ilr.fac1[33,4]  0.468  0.306  0.732
ilr.fac1[33,5]  0.933  2.440  0.010
ilr.fac1[33,6]  1.292  0.242  0.657
ilr.fac1[33,7]  0.907 -0.795  0.691
ilr.fac1[34,1]  0.322  1.231 -0.857
ilr.fac1[34,2]  0.042 -0.353 -0.221
ilr.fac1[34,3]  0.015  1.273 -0.675
ilr.fac1[34,4]  1.709  0.254  0.980
ilr.fac1[34,5] -1.873 -0.227 -0.664
ilr.fac1[34,6]  0.434 -0.763 -0.896
ilr.fac1[34,7]  0.212  0.078  1.102
ilr.fac1[35,1]  1.582  4.360 -1.197
ilr.fac1[35,2]  0.346  1.287  0.012
ilr.fac1[35,3]  0.125  0.170 -0.127
ilr.fac1[35,4]  0.359 -1.347 -0.103
ilr.fac1[35,5] -1.194  0.189  0.212
ilr.fac1[35,6]  1.665  3.561  1.216
ilr.fac1[35,7]  0.640  0.061  0.170
ilr.fac1[36,1]  0.230  1.971  0.990
ilr.fac1[36,2]  0.174  0.580  1.919
ilr.fac1[36,3]  2.382  1.996  0.497
ilr.fac1[36,4] -1.047  2.434 -0.332
ilr.fac1[36,5] -0.495 -0.477 -0.299
ilr.fac1[36,6]  0.008 -1.048  1.009
ilr.fac1[36,7]  1.679  0.644  0.118
ilr.fac1[37,1] -0.354  1.198 -2.231
ilr.fac1[37,2] -0.387  0.623  0.029
ilr.fac1[37,3] -0.826  0.875  0.395
ilr.fac1[37,4] -0.573  1.667  0.412
ilr.fac1[37,5] -1.542  1.515 -0.284
ilr.fac1[37,6]  0.458 -1.397 -1.118
ilr.fac1[37,7] -1.267 -1.103  0.329
ilr.fac1[38,1]  1.029 -2.448  0.960
ilr.fac1[38,2]  1.078 -0.158 -0.083
ilr.fac1[38,3]  1.248 -2.864 -0.494
ilr.fac1[38,4]  0.275 -0.668  1.448
ilr.fac1[38,5] -0.327 -1.215  0.747
ilr.fac1[38,6]  0.307 -2.067 -1.220
ilr.fac1[38,7]  2.012  1.540  0.496
ilr.fac1[39,1] -0.453  1.511 -1.700
ilr.fac1[39,2]  0.809  0.458  2.284
ilr.fac1[39,3]  0.955  2.332 -0.355
ilr.fac1[39,4]  0.106  1.060  2.586
ilr.fac1[39,5]  0.797  0.729  1.319
ilr.fac1[39,6] -0.835  0.878 -1.677
ilr.fac1[39,7] -3.238  0.438  0.955
ilr.fac1[4,1]  -0.714  0.300  1.568
ilr.fac1[4,2]  -0.169  0.820 -2.080
ilr.fac1[4,3]  -1.578 -0.054 -0.214
ilr.fac1[4,4]   0.531  1.423  1.961
ilr.fac1[4,5]  -2.192 -1.399  1.433
ilr.fac1[4,6]   0.415 -1.973  3.293
ilr.fac1[4,7]  -1.066  1.159  0.206
ilr.fac1[40,1] -0.716 -3.615  0.275
ilr.fac1[40,2]  3.305 -2.891 -0.930
ilr.fac1[40,3]  1.661 -0.365  0.585
ilr.fac1[40,4] -1.118 -1.213  0.645
ilr.fac1[40,5] -1.617 -0.961  1.605
ilr.fac1[40,6] -1.123 -0.474 -0.312
ilr.fac1[40,7] -2.448 -1.139  0.023
ilr.fac1[41,1] -0.841 -5.278 -0.976
ilr.fac1[41,2]  0.319 -2.352 -1.044
ilr.fac1[41,3]  1.554  0.537  2.251
ilr.fac1[41,4] -0.428 -0.012  1.171
ilr.fac1[41,5]  1.776  1.725  1.542
ilr.fac1[41,6] -1.854  0.668 -0.697
ilr.fac1[41,7] -0.248  0.916  1.090
ilr.fac1[42,1] -0.352  8.107 -2.881
ilr.fac1[42,2] -2.922  1.407 -1.161
ilr.fac1[42,3] -0.322  0.815 -0.319
ilr.fac1[42,4]  1.483 -1.596  0.949
ilr.fac1[42,5]  1.540  3.866 -0.170
ilr.fac1[42,6]  1.656 -1.926 -0.164
ilr.fac1[42,7]  1.087  0.171  1.513
ilr.fac1[43,1]  0.252 -1.782  0.973
ilr.fac1[43,2]  0.489 -0.316  0.951
ilr.fac1[43,3]  1.595  1.619 -2.224
ilr.fac1[43,4]  0.097 -0.353  0.930
ilr.fac1[43,5] -0.320 -0.085  1.263
ilr.fac1[43,6]  0.343 -3.618  2.053
ilr.fac1[43,7] -0.202  0.237  0.683
ilr.fac1[44,1]  1.198 -3.989  1.644
ilr.fac1[44,2]  0.430 -1.647  1.358
ilr.fac1[44,3]  0.694  0.717  0.029
ilr.fac1[44,4] -0.735 -0.078 -0.074
ilr.fac1[44,5] -0.943 -0.030 -0.001
ilr.fac1[44,6]  1.027 -1.224 -0.511
ilr.fac1[44,7]  0.881 -1.266  3.133
ilr.fac1[45,1] -0.022  0.220  0.505
ilr.fac1[45,2]  0.535  0.478 -0.803
ilr.fac1[45,3] -1.907  0.795  1.147
ilr.fac1[45,4]  1.310  0.411  0.955
ilr.fac1[45,5]  2.310 -0.422 -4.693
ilr.fac1[45,6]  2.612 -0.058 -0.051
ilr.fac1[45,7]  0.360  1.056  2.595
ilr.fac1[46,1] -1.058 -1.769  0.889
ilr.fac1[46,2] -0.116  1.835  1.266
ilr.fac1[46,3] -0.904  1.957 -0.525
ilr.fac1[46,4] -1.539 -0.119 -0.761
ilr.fac1[46,5] -0.365 -0.825  0.767
ilr.fac1[46,6]  1.640 -0.911  0.472
ilr.fac1[46,7]  2.049  0.020  2.268
ilr.fac1[47,1] -0.170  1.183  1.610
ilr.fac1[47,2] -0.452  1.178  0.588
ilr.fac1[47,3] -0.231  2.336 -0.702
ilr.fac1[47,4] -1.223  3.658 -0.191
ilr.fac1[47,5] -0.561 -1.293  0.462
ilr.fac1[47,6]  0.917 -1.068 -0.015
ilr.fac1[47,7] -0.535  1.127  0.978
ilr.fac1[48,1]  1.930 -2.179  0.591
ilr.fac1[48,2] -1.555  2.268  1.586
ilr.fac1[48,3]  0.436  0.429 -1.974
ilr.fac1[48,4] -1.072 -1.998  1.136
ilr.fac1[48,5] -1.251 -1.042 -0.257
ilr.fac1[48,6] -0.638  1.652  0.564
ilr.fac1[48,7] -0.078 -0.957  0.732
ilr.fac1[49,1] -2.530 -1.422  2.350
ilr.fac1[49,2] -0.851 -1.528 -0.540
ilr.fac1[49,3]  0.369 -0.135 -0.246
ilr.fac1[49,4]  0.995 -1.995  1.344
ilr.fac1[49,5] -0.473 -0.028  0.294
ilr.fac1[49,6] -1.378 -0.002  0.956
ilr.fac1[49,7] -3.317  0.220  1.782
ilr.fac1[5,1]   0.334 -2.198 -0.101
ilr.fac1[5,2]  -0.222 -2.305  0.976
ilr.fac1[5,3]  -0.615 -0.414 -0.507
ilr.fac1[5,4]   0.383 -0.136 -0.750
ilr.fac1[5,5]   0.286 -0.488 -0.267
ilr.fac1[5,6]   0.018  0.737 -1.634
ilr.fac1[5,7]  -1.238  0.806  2.415
ilr.fac1[50,1]  0.629 -3.399 -0.134
ilr.fac1[50,2]  0.231  0.412 -1.458
ilr.fac1[50,3]  0.185 -1.000 -0.549
ilr.fac1[50,4] -0.223  0.213  1.784
ilr.fac1[50,5] -1.273  0.529 -0.019
ilr.fac1[50,6] -2.016  0.650  0.914
ilr.fac1[50,7]  1.722 -1.652  0.285
ilr.fac1[51,1] -0.205 -4.340  1.229
ilr.fac1[51,2]  1.016  0.959  0.889
ilr.fac1[51,3] -0.148  0.517  1.808
ilr.fac1[51,4] -0.332 -0.417 -0.044
ilr.fac1[51,5] -2.531 -0.545  0.250
ilr.fac1[51,6] -0.300 -1.946 -1.454
ilr.fac1[51,7] -0.713  0.073  1.934
ilr.fac1[52,1]  1.205 -2.803 -0.319
ilr.fac1[52,2]  0.754 -1.327 -1.547
 [ reached 'max' / getOption("max.print") -- omitted 661 rows ]
