
#################################################################
# Summary Statistics
#################################################################

DIC = 214.0758

               Mean    SD  2.5%    5%   25%   50%   75%   95% 97.5%
Epsilon.1     0.032 0.008 0.019 0.021 0.026 0.032 0.037 0.048 0.051
Epsilon.2     0.022 0.004 0.015 0.016 0.019 0.022 0.025 0.030 0.032
Individual.SD 2.552 0.547 1.680 1.778 2.148 2.478 2.873 3.558 3.773
p.global.V01  0.046 0.070 0.000 0.000 0.004 0.013 0.063 0.193 0.254
p.global.V03  0.270 0.099 0.079 0.101 0.202 0.273 0.337 0.436 0.463
p.global.V04  0.050 0.059 0.002 0.003 0.010 0.028 0.067 0.169 0.226
p.global.V05  0.061 0.053 0.003 0.006 0.020 0.049 0.084 0.173 0.195
p.global.V07  0.124 0.066 0.024 0.033 0.072 0.117 0.163 0.240 0.275
p.global.V08  0.087 0.050 0.012 0.019 0.053 0.079 0.113 0.180 0.207
p.global.V09  0.315 0.109 0.114 0.141 0.236 0.312 0.388 0.503 0.537
p.global.V18  0.047 0.033 0.004 0.007 0.023 0.039 0.064 0.110 0.128
p.G01.V01     0.007 0.017 0.000 0.000 0.000 0.001 0.005 0.035 0.054
p.G02.V01     0.032 0.069 0.000 0.000 0.000 0.003 0.026 0.179 0.257
p.G03.V01     0.050 0.108 0.000 0.000 0.000 0.004 0.039 0.281 0.368
p.G04.V01     0.026 0.058 0.000 0.000 0.000 0.003 0.020 0.141 0.204
p.G05.V01     0.032 0.112 0.000 0.000 0.000 0.002 0.012 0.160 0.366
p.G06.V01     0.007 0.016 0.000 0.000 0.000 0.001 0.005 0.037 0.053
p.G07.V01     0.007 0.019 0.000 0.000 0.000 0.001 0.005 0.038 0.062
p.G08.V01     0.185 0.355 0.000 0.000 0.000 0.002 0.042 0.970 0.989
p.G09.V01     0.062 0.116 0.000 0.000 0.001 0.007 0.058 0.335 0.411
p.G10.V01     0.056 0.163 0.000 0.000 0.000 0.001 0.012 0.564 0.676
p.G11.V01     0.066 0.125 0.000 0.000 0.001 0.007 0.060 0.369 0.441
p.G12.V01     0.079 0.169 0.000 0.000 0.000 0.004 0.042 0.539 0.635
p.G13.V01     0.019 0.047 0.000 0.000 0.000 0.002 0.014 0.102 0.164
p.G14.V01     0.080 0.149 0.000 0.000 0.001 0.007 0.069 0.455 0.532
p.G15.V01     0.113 0.205 0.000 0.000 0.001 0.007 0.105 0.619 0.700
p.G16.V01     0.010 0.028 0.000 0.000 0.000 0.001 0.007 0.052 0.082
p.G17.V01     0.020 0.047 0.000 0.000 0.000 0.002 0.016 0.109 0.152
p.G18.V01     0.123 0.279 0.000 0.000 0.000 0.001 0.025 0.889 0.947
p.G19.V01     0.044 0.111 0.000 0.000 0.000 0.003 0.022 0.287 0.437
p.G20.V01     0.011 0.025 0.000 0.000 0.000 0.002 0.009 0.058 0.088
p.G21.V01     0.110 0.258 0.000 0.000 0.000 0.003 0.034 0.900 0.964
p.G22.V01     0.097 0.243 0.000 0.000 0.000 0.003 0.028 0.860 0.950
p.G23.V01     0.148 0.259 0.000 0.000 0.000 0.007 0.165 0.787 0.902
p.G24.V01     0.047 0.093 0.000 0.000 0.000 0.004 0.036 0.271 0.339
p.G25.V01     0.015 0.033 0.000 0.000 0.000 0.002 0.013 0.080 0.114
p.G26.V01     0.012 0.034 0.000 0.000 0.000 0.001 0.007 0.064 0.107
p.G27.V01     0.049 0.113 0.000 0.000 0.000 0.003 0.028 0.331 0.460
p.G28.V01     0.043 0.083 0.000 0.000 0.000 0.004 0.040 0.241 0.312
p.G29.V01     0.112 0.204 0.000 0.000 0.001 0.007 0.098 0.609 0.673
p.G30.V01     0.003 0.008 0.000 0.000 0.000 0.000 0.002 0.015 0.026
p.G31.V01     0.137 0.256 0.000 0.000 0.000 0.005 0.092 0.769 0.838
p.G32.V01     0.020 0.044 0.000 0.000 0.000 0.003 0.016 0.107 0.147
p.G33.V01     0.037 0.079 0.000 0.000 0.000 0.004 0.032 0.200 0.275
p.G34.V01     0.042 0.087 0.000 0.000 0.000 0.003 0.027 0.269 0.331
p.G35.V01     0.089 0.190 0.000 0.000 0.000 0.004 0.049 0.617 0.709
p.G36.V01     0.071 0.138 0.000 0.000 0.001 0.006 0.058 0.416 0.512
p.G37.V01     0.106 0.261 0.000 0.000 0.000 0.001 0.014 0.864 0.934
p.G38.V01     0.017 0.038 0.000 0.000 0.000 0.002 0.013 0.096 0.135
p.G39.V01     0.111 0.270 0.000 0.000 0.000 0.001 0.018 0.878 0.958
p.G40.V01     0.009 0.022 0.000 0.000 0.000 0.001 0.006 0.050 0.072
p.G41.V01     0.021 0.058 0.000 0.000 0.000 0.002 0.013 0.125 0.202
p.G42.V01     0.168 0.276 0.000 0.000 0.001 0.009 0.231 0.786 0.876
p.G43.V01     0.030 0.061 0.000 0.000 0.000 0.004 0.027 0.161 0.223
p.G44.V01     0.038 0.073 0.000 0.000 0.000 0.004 0.034 0.209 0.271
p.G45.V01     0.114 0.229 0.000 0.000 0.000 0.005 0.074 0.704 0.842
p.G46.V01     0.035 0.075 0.000 0.000 0.000 0.003 0.025 0.200 0.282
p.G47.V01     0.051 0.138 0.000 0.000 0.000 0.002 0.019 0.389 0.587
p.G48.V01     0.014 0.034 0.000 0.000 0.000 0.001 0.010 0.075 0.120
p.G49.V01     0.054 0.104 0.000 0.000 0.001 0.006 0.052 0.289 0.364
p.G50.V01     0.035 0.088 0.000 0.000 0.000 0.003 0.021 0.203 0.295
p.G51.V01     0.019 0.039 0.000 0.000 0.000 0.003 0.017 0.104 0.141
p.G52.V01     0.015 0.032 0.000 0.000 0.000 0.002 0.012 0.078 0.117
p.G53.V01     0.028 0.057 0.000 0.000 0.000 0.003 0.023 0.157 0.216
p.G54.V01     0.084 0.235 0.000 0.000 0.000 0.001 0.009 0.800 0.884
p.G55.V01     0.014 0.032 0.000 0.000 0.000 0.002 0.011 0.080 0.115
p.G01.V03     0.021 0.030 0.000 0.000 0.002 0.008 0.028 0.084 0.108
p.G02.V03     0.078 0.078 0.000 0.000 0.010 0.053 0.130 0.238 0.263
p.G03.V03     0.121 0.114 0.000 0.001 0.017 0.082 0.215 0.330 0.356
p.G04.V03     0.082 0.083 0.000 0.000 0.010 0.052 0.136 0.248 0.279
p.G05.V03     0.042 0.074 0.000 0.000 0.002 0.013 0.045 0.185 0.305
p.G06.V03     0.026 0.036 0.000 0.000 0.002 0.011 0.036 0.104 0.130
p.G07.V03     0.017 0.025 0.000 0.000 0.001 0.007 0.023 0.069 0.088
p.G08.V03     0.638 0.341 0.000 0.000 0.550 0.770 0.890 0.982 0.991
p.G09.V03     0.202 0.166 0.000 0.001 0.047 0.183 0.323 0.486 0.560
p.G10.V03     0.665 0.236 0.003 0.021 0.615 0.723 0.797 0.970 0.987
p.G11.V03     0.235 0.185 0.001 0.002 0.061 0.221 0.365 0.556 0.628
p.G12.V03     0.441 0.284 0.001 0.004 0.169 0.490 0.666 0.862 0.913
p.G13.V03     0.040 0.050 0.000 0.000 0.004 0.018 0.058 0.150 0.182
p.G14.V03     0.380 0.199 0.002 0.008 0.248 0.420 0.529 0.659 0.691
p.G15.V03     0.294 0.258 0.000 0.002 0.046 0.230 0.527 0.732 0.778
p.G16.V03     0.024 0.034 0.000 0.000 0.002 0.010 0.030 0.096 0.123
p.G17.V03     0.050 0.057 0.000 0.000 0.005 0.026 0.080 0.172 0.196
p.G18.V03     0.778 0.285 0.001 0.006 0.778 0.888 0.947 0.990 0.995
p.G19.V03     0.134 0.156 0.000 0.000 0.010 0.061 0.235 0.448 0.504
p.G20.V03     0.022 0.029 0.000 0.000 0.002 0.010 0.030 0.084 0.108
p.G21.V03     0.108 0.141 0.000 0.000 0.005 0.042 0.173 0.410 0.484
p.G22.V03     0.089 0.114 0.000 0.000 0.006 0.040 0.137 0.315 0.383
p.G23.V03     0.284 0.196 0.000 0.001 0.098 0.308 0.431 0.589 0.654
p.G24.V03     0.178 0.158 0.000 0.001 0.033 0.154 0.282 0.453 0.526
p.G25.V03     0.045 0.055 0.000 0.000 0.005 0.022 0.064 0.164 0.201
p.G26.V03     0.051 0.095 0.000 0.000 0.002 0.015 0.061 0.214 0.279
p.G27.V03     0.451 0.193 0.005 0.027 0.361 0.475 0.572 0.731 0.819
p.G28.V03     0.182 0.148 0.000 0.001 0.046 0.166 0.283 0.437 0.507
p.G29.V03     0.418 0.215 0.001 0.007 0.274 0.488 0.581 0.678 0.706
p.G30.V03     0.007 0.011 0.000 0.000 0.000 0.002 0.008 0.029 0.040
p.G31.V03     0.583 0.258 0.001 0.005 0.514 0.674 0.751 0.856 0.891
p.G32.V03     0.053 0.066 0.000 0.000 0.006 0.029 0.079 0.186 0.227
p.G33.V03     0.065 0.072 0.000 0.000 0.007 0.038 0.102 0.215 0.254
p.G34.V03     0.169 0.144 0.000 0.001 0.026 0.144 0.299 0.411 0.440
p.G35.V03     0.597 0.216 0.006 0.047 0.539 0.653 0.735 0.845 0.879
p.G36.V03     0.447 0.190 0.004 0.031 0.354 0.479 0.575 0.710 0.756
p.G37.V03     0.806 0.270 0.001 0.018 0.813 0.907 0.958 0.992 0.996
p.G38.V03     0.036 0.045 0.000 0.000 0.003 0.016 0.053 0.132 0.164
p.G39.V03     0.779 0.277 0.001 0.006 0.778 0.876 0.943 0.990 0.996
p.G40.V03     0.019 0.028 0.000 0.000 0.001 0.007 0.024 0.079 0.103
p.G41.V03     0.046 0.060 0.000 0.000 0.003 0.019 0.065 0.178 0.209
p.G42.V03     0.476 0.245 0.000 0.002 0.353 0.545 0.657 0.776 0.808
p.G43.V03     0.076 0.075 0.000 0.000 0.011 0.053 0.122 0.227 0.254
p.G44.V03     0.113 0.115 0.000 0.001 0.015 0.080 0.180 0.336 0.392
p.G45.V03     0.110 0.139 0.000 0.000 0.008 0.046 0.163 0.437 0.488
 [ reached getOption("max.print") -- omitted 340 rows ]
