
################################################################################
# Gelman-Rubin Diagnostic
################################################################################

Generally the Gelman diagnostic should be < 1.05


Out of 994 variables: 830 > 1.01

                      
369 > 1.05

                      
190 > 1.1


The worst variables are:

             Point est. Upper C.I.
p.global[7]    1.908025   3.385602
p.fac1[6,7]    1.600593   2.588738
p.fac1[1,7]    1.573885   2.593596
p.fac1[40,7]   1.484891   2.540974
p.global[3]    1.452656   2.174468
p.fac1[55,7]   1.451164   2.307444
p.fac1[52,7]   1.448116   2.243469
p.fac1[38,7]   1.445879   2.350267
p.fac1[6,3]    1.420984   2.119208
p.fac1[30,7]   1.420299   2.460865


And here are the Gelman diagnostics for all variables:

               Point est. Upper C.I.
deviance        1.0026495  1.0115989
fac1.sig        1.2792591  1.8811477
ilr.fac1[1,1]   1.0870047  1.2457927
ilr.fac1[2,1]   1.0283789  1.0713874
ilr.fac1[3,1]   1.0162273  1.0223403
ilr.fac1[4,1]   1.0377504  1.1032623
ilr.fac1[5,1]   1.0127232  1.0161332
ilr.fac1[6,1]   1.0557572  1.1583012
ilr.fac1[7,1]   1.1121300  1.3075956
ilr.fac1[8,1]   1.0828220  1.2264163
ilr.fac1[9,1]   1.0149154  1.0252505
ilr.fac1[10,1]  1.0325058  1.0823833
ilr.fac1[11,1]  1.0397493  1.0837814
ilr.fac1[12,1]  1.0325609  1.0817811
ilr.fac1[13,1]  1.0339639  1.0898126
ilr.fac1[14,1]  1.0154477  1.0387290
ilr.fac1[15,1]  1.0493462  1.1408660
ilr.fac1[16,1]  1.0145043  1.0180410
ilr.fac1[17,1]  1.0353900  1.1024249
ilr.fac1[18,1]  1.0905240  1.2453078
ilr.fac1[19,1]  1.0164016  1.0373537
ilr.fac1[20,1]  1.0280730  1.0727063
ilr.fac1[21,1]  1.0278550  1.0677330
ilr.fac1[22,1]  1.0122668  1.0158256
ilr.fac1[23,1]  1.0574907  1.1653387
ilr.fac1[24,1]  1.0199544  1.0202106
ilr.fac1[25,1]  1.0582000  1.1617889
ilr.fac1[26,1]  1.0169629  1.0180709
ilr.fac1[27,1]  1.0396977  1.1078031
ilr.fac1[28,1]  1.0122877  1.0128079
ilr.fac1[29,1]  1.0206062  1.0605450
ilr.fac1[30,1]  1.0908284  1.2503686
ilr.fac1[31,1]  1.0716662  1.2079494
ilr.fac1[32,1]  1.0128890  1.0280114
ilr.fac1[33,1]  1.0173122  1.0365530
ilr.fac1[34,1]  1.0129396  1.0146519
ilr.fac1[35,1]  1.0516247  1.1256415
ilr.fac1[36,1]  1.0231294  1.0383220
ilr.fac1[37,1]  1.1001535  1.2817237
ilr.fac1[38,1]  1.0407896  1.1083771
ilr.fac1[39,1]  1.1344608  1.3874659
ilr.fac1[40,1]  1.0773582  1.2173923
ilr.fac1[41,1]  1.0295150  1.0909356
ilr.fac1[42,1]  1.0415927  1.1099646
ilr.fac1[43,1]  1.0338569  1.0872315
ilr.fac1[44,1]  1.0185388  1.0203491
ilr.fac1[45,1]  1.0110346  1.0168659
ilr.fac1[46,1]  1.0161976  1.0172140
ilr.fac1[47,1]  1.0468044  1.1287554
ilr.fac1[48,1]  1.0179120  1.0217566
ilr.fac1[49,1]  1.0128021  1.0160931
ilr.fac1[50,1]  1.0257686  1.0391427
ilr.fac1[51,1]  1.0429136  1.1186862
ilr.fac1[52,1]  1.0586645  1.1648287
ilr.fac1[53,1]  1.0153895  1.0155770
ilr.fac1[54,1]  1.0805515  1.1989210
ilr.fac1[55,1]  1.0525769  1.1369391
ilr.fac1[1,2]   1.0462441  1.1039172
ilr.fac1[2,2]   1.0245820  1.0325950
ilr.fac1[3,2]   1.0403170  1.0600540
ilr.fac1[4,2]   1.0501606  1.1201919
ilr.fac1[5,2]   1.0208610  1.0496452
ilr.fac1[6,2]   1.0594802  1.1616131
ilr.fac1[7,2]   1.0365188  1.0512630
ilr.fac1[8,2]   1.0554412  1.1172377
ilr.fac1[9,2]   1.0296077  1.0458181
ilr.fac1[10,2]  1.0192313  1.0468567
ilr.fac1[11,2]  1.0130088  1.0164393
ilr.fac1[12,2]  1.0297298  1.0566202
ilr.fac1[13,2]  1.0325001  1.0483914
ilr.fac1[14,2]  1.0245089  1.0423350
ilr.fac1[15,2]  1.0165893  1.0240111
ilr.fac1[16,2]  1.0307220  1.0533359
ilr.fac1[17,2]  1.0397963  1.0641709
ilr.fac1[18,2]  1.0325885  1.0650420
ilr.fac1[19,2]  1.0251310  1.0467770
ilr.fac1[20,2]  1.0290183  1.0331361
ilr.fac1[21,2]  1.0448221  1.0562808
ilr.fac1[22,2]  1.0297130  1.0598037
ilr.fac1[23,2]  1.0255781  1.0258090
ilr.fac1[24,2]  1.0272551  1.0332738
ilr.fac1[25,2]  1.0460680  1.0475647
ilr.fac1[26,2]  1.0336122  1.0511350
ilr.fac1[27,2]  1.0111211  1.0133221
ilr.fac1[28,2]  1.0385071  1.0754152
ilr.fac1[29,2]  1.0199327  1.0231532
ilr.fac1[30,2]  1.0470790  1.0676080
ilr.fac1[31,2]  1.0258970  1.0489753
ilr.fac1[32,2]  1.0464201  1.0930576
ilr.fac1[33,2]  1.0224513  1.0224963
ilr.fac1[34,2]  1.0288136  1.0544963
ilr.fac1[35,2]  1.0186713  1.0274827
ilr.fac1[36,2]  1.0273547  1.0295184
ilr.fac1[37,2]  1.0277598  1.0510428
ilr.fac1[38,2]  1.0408600  1.0514794
ilr.fac1[39,2]  1.0363891  1.0798478
ilr.fac1[40,2]  1.0487503  1.0642798
ilr.fac1[41,2]  1.0238203  1.0411484
ilr.fac1[42,2]  1.0266402  1.0447586
ilr.fac1[43,2]  1.0392092  1.0692033
ilr.fac1[44,2]  1.0309862  1.0559261
ilr.fac1[45,2]  1.0323738  1.0606524
ilr.fac1[46,2]  1.0367789  1.0936580
ilr.fac1[47,2]  1.0349915  1.0365726
ilr.fac1[48,2]  1.0209802  1.0280745
ilr.fac1[49,2]  1.0179735  1.0203336
ilr.fac1[50,2]  1.0188851  1.0207493
ilr.fac1[51,2]  1.0347132  1.0443095
ilr.fac1[52,2]  1.0270267  1.0378717
ilr.fac1[53,2]  1.0559160  1.1432749
ilr.fac1[54,2]  1.0269910  1.0626389
ilr.fac1[55,2]  1.0368402  1.0463524
ilr.fac1[1,3]   1.0261295  1.0413212
ilr.fac1[2,3]   1.0259665  1.0359754
ilr.fac1[3,3]   1.0134516  1.0157149
ilr.fac1[4,3]   1.0284173  1.0501232
ilr.fac1[5,3]   1.0491099  1.1593214
ilr.fac1[6,3]   1.0109010  1.0225534
ilr.fac1[7,3]   1.0126528  1.0244060
ilr.fac1[8,3]   1.0386998  1.0477934
ilr.fac1[9,3]   1.0244002  1.0363088
ilr.fac1[10,3]  1.0264733  1.0272589
ilr.fac1[11,3]  1.0301566  1.0532274
ilr.fac1[12,3]  1.0272360  1.0381454
ilr.fac1[13,3]  1.0179306  1.0200330
ilr.fac1[14,3]  1.0157485  1.0171930
ilr.fac1[15,3]  1.0239851  1.0389514
ilr.fac1[16,3]  1.0081419  1.0082975
ilr.fac1[17,3]  1.0255796  1.0350972
ilr.fac1[18,3]  1.0257930  1.0305780
ilr.fac1[19,3]  1.0392621  1.0776378
ilr.fac1[20,3]  1.0195779  1.0348140
ilr.fac1[21,3]  1.0869950  1.2771086
ilr.fac1[22,3]  1.0823328  1.2639453
ilr.fac1[23,3]  1.0329866  1.0911353
ilr.fac1[24,3]  1.0224067  1.0408999
ilr.fac1[25,3]  1.0373611  1.0660837
ilr.fac1[26,3]  1.0304504  1.0764197
ilr.fac1[27,3]  1.0095179  1.0124422
ilr.fac1[28,3]  1.0365996  1.0823594
ilr.fac1[29,3]  1.0283930  1.0417927
ilr.fac1[30,3]  1.0256373  1.0509298
ilr.fac1[31,3]  1.0339532  1.0579790
ilr.fac1[32,3]  1.0138476  1.0319654
ilr.fac1[33,3]  1.0301607  1.0318312
ilr.fac1[34,3]  1.0090293  1.0140467
ilr.fac1[35,3]  1.0124577  1.0163393
ilr.fac1[36,3]  1.0239430  1.0426786
ilr.fac1[37,3]  1.0173086  1.0235939
ilr.fac1[38,3]  1.0348063  1.0492023
ilr.fac1[39,3]  1.0135417  1.0141090
ilr.fac1[40,3]  1.0157063  1.0217868
ilr.fac1[41,3]  1.0263779  1.0467504
ilr.fac1[42,3]  1.0178732  1.0238932
ilr.fac1[43,3]  1.0149429  1.0340868
ilr.fac1[44,3]  1.0253528  1.0352304
ilr.fac1[45,3]  1.0418367  1.1174651
ilr.fac1[46,3]  1.0107436  1.0208468
ilr.fac1[47,3]  1.0152616  1.0156358
ilr.fac1[48,3]  1.0193417  1.0347014
ilr.fac1[49,3]  1.0134906  1.0137238
ilr.fac1[50,3]  1.0277637  1.0515906
ilr.fac1[51,3]  1.0267574  1.0414111
ilr.fac1[52,3]  1.0214631  1.0518362
ilr.fac1[53,3]  1.0320830  1.0868673
ilr.fac1[54,3]  1.0292999  1.0537989
ilr.fac1[55,3]  1.0219546  1.0476486
ilr.fac1[1,4]   1.0341063  1.0634335
ilr.fac1[2,4]   1.0484277  1.0492777
ilr.fac1[3,4]   1.0395573  1.0418802
ilr.fac1[4,4]   1.0229920  1.0424133
ilr.fac1[5,4]   1.0450008  1.1101123
ilr.fac1[6,4]   1.0395868  1.0680457
ilr.fac1[7,4]   1.0700339  1.1627066
ilr.fac1[8,4]   1.0330165  1.0587328
ilr.fac1[9,4]   1.0206401  1.0248858
ilr.fac1[10,4]  1.0206590  1.0271920
ilr.fac1[11,4]  1.0216867  1.0218166
ilr.fac1[12,4]  1.0358372  1.0555616
ilr.fac1[13,4]  1.0486499  1.0641869
ilr.fac1[14,4]  1.0208971  1.0223192
ilr.fac1[15,4]  1.0188657  1.0217347
ilr.fac1[16,4]  1.1773070  1.5525247
ilr.fac1[17,4]  1.0484990  1.0561653
ilr.fac1[18,4]  1.0249087  1.0346312
ilr.fac1[19,4]  1.0336964  1.0553499
ilr.fac1[20,4]  1.1344557  1.4062439
ilr.fac1[21,4]  1.0607964  1.1827119
ilr.fac1[22,4]  1.0604368  1.1932069
ilr.fac1[23,4]  1.0461657  1.0602781
ilr.fac1[24,4]  1.0192618  1.0282283
ilr.fac1[25,4]  1.0218899  1.0260193
ilr.fac1[26,4]  1.0365677  1.0378527
ilr.fac1[27,4]  1.0161990  1.0183066
ilr.fac1[28,4]  1.0278387  1.0319250
ilr.fac1[29,4]  1.0316753  1.0393262
ilr.fac1[30,4]  1.0547654  1.0825715
ilr.fac1[31,4]  1.0257646  1.0417108
ilr.fac1[32,4]  1.0346360  1.0379044
ilr.fac1[33,4]  1.0512557  1.0643409
ilr.fac1[34,4]  1.0219561  1.0354472
ilr.fac1[35,4]  1.0223051  1.0283292
ilr.fac1[36,4]  1.0241894  1.0325259
ilr.fac1[37,4]  1.0288681  1.0452912
ilr.fac1[38,4]  1.0556525  1.0675533
ilr.fac1[39,4]  1.0281073  1.0368229
ilr.fac1[40,4]  1.0847308  1.1674355
ilr.fac1[41,4]  1.0470572  1.0725514
ilr.fac1[42,4]  1.0343975  1.0426009
ilr.fac1[43,4]  1.0398072  1.0486132
ilr.fac1[44,4]  1.0318181  1.0341990
ilr.fac1[45,4]  1.0391255  1.0659566
ilr.fac1[46,4]  1.0267473  1.0475151
ilr.fac1[47,4]  1.0308148  1.0486208
ilr.fac1[48,4]  1.1659928  1.5354354
ilr.fac1[49,4]  1.0447480  1.0535990
ilr.fac1[50,4]  1.0634045  1.0898784
ilr.fac1[51,4]  1.0364074  1.0512154
ilr.fac1[52,4]  1.0512520  1.0732682
ilr.fac1[53,4]  1.0208724  1.0358937
ilr.fac1[54,4]  1.0240441  1.0254074
ilr.fac1[55,4]  1.0502571  1.0558059
ilr.fac1[1,5]   1.0380706  1.0535173
ilr.fac1[2,5]   1.0430192  1.0631405
ilr.fac1[3,5]   1.0343081  1.0450259
ilr.fac1[4,5]   1.0371436  1.0661484
ilr.fac1[5,5]   1.0591071  1.1608025
ilr.fac1[6,5]   1.0511500  1.0963065
ilr.fac1[7,5]   1.0259360  1.0392938
ilr.fac1[8,5]   1.1463618  1.3210603
ilr.fac1[9,5]   1.0250836  1.0258793
ilr.fac1[10,5]  1.0727214  1.1201772
ilr.fac1[11,5]  1.0299391  1.0348079
ilr.fac1[12,5]  1.0470604  1.0735839
ilr.fac1[13,5]  1.0522330  1.1298362
ilr.fac1[14,5]  1.0436003  1.0438953
ilr.fac1[15,5]  1.0696112  1.1611848
ilr.fac1[16,5]  1.0340342  1.0529785
ilr.fac1[17,5]  1.0345023  1.0484709
ilr.fac1[18,5]  1.1229373  1.2663357
ilr.fac1[19,5]  1.0290019  1.0532453
ilr.fac1[20,5]  1.0249748  1.0427034
ilr.fac1[21,5]  1.0726197  1.1430018
ilr.fac1[22,5]  1.0776623  1.1869502
ilr.fac1[23,5]  1.1017933  1.1028610
ilr.fac1[24,5]  1.0325908  1.0341026
ilr.fac1[25,5]  1.0405395  1.0419421
ilr.fac1[26,5]  1.0231832  1.0289673
ilr.fac1[27,5]  1.0271895  1.0307513
ilr.fac1[28,5]  1.0369291  1.0587897
ilr.fac1[29,5]  1.0451638  1.0828097
ilr.fac1[30,5]  1.0319813  1.0439259
ilr.fac1[31,5]  1.0927215  1.1638057
ilr.fac1[32,5]  1.0256257  1.0270951
ilr.fac1[33,5]  1.0636709  1.1314987
ilr.fac1[34,5]  1.0260984  1.0548667
ilr.fac1[35,5]  1.0667338  1.1237980
ilr.fac1[36,5]  1.0234422  1.0246249
ilr.fac1[37,5]  1.1344880  1.3390711
ilr.fac1[38,5]  1.0326509  1.0469730
ilr.fac1[39,5]  1.1477106  1.3900088
ilr.fac1[40,5]  1.0409702  1.0644225
ilr.fac1[41,5]  1.0288245  1.0310126
ilr.fac1[42,5]  1.0985549  1.1929094
ilr.fac1[43,5]  1.0232206  1.0305632
ilr.fac1[44,5]  1.0336054  1.0415408
ilr.fac1[45,5]  1.0569098  1.1173694
ilr.fac1[46,5]  1.0300342  1.0511029
ilr.fac1[47,5]  1.0439723  1.0440177
ilr.fac1[48,5]  1.0210665  1.0274005
ilr.fac1[49,5]  1.0417429  1.0791493
ilr.fac1[50,5]  1.0479345  1.0939285
ilr.fac1[51,5]  1.0366950  1.0553467
ilr.fac1[52,5]  1.0308601  1.0331717
ilr.fac1[53,5]  1.0381052  1.0650238
ilr.fac1[54,5]  1.1123530  1.2415058
ilr.fac1[55,5]  1.0402924  1.0536851
ilr.fac1[1,6]   1.2214505  1.6426401
ilr.fac1[2,6]   1.0392862  1.1122749
ilr.fac1[3,6]   1.0433868  1.1063177
ilr.fac1[4,6]   1.1091312  1.3466362
ilr.fac1[5,6]   1.0280236  1.0801284
ilr.fac1[6,6]   1.2622151  1.7951528
ilr.fac1[7,6]   1.1080847  1.3303174
ilr.fac1[8,6]   1.0479503  1.1559350
ilr.fac1[9,6]   1.0657636  1.1668066
ilr.fac1[10,6]  1.0616496  1.1998788
ilr.fac1[11,6]  1.0406110  1.1077963
ilr.fac1[12,6]  1.0411354  1.0984769
ilr.fac1[13,6]  1.0433627  1.1291526
ilr.fac1[14,6]  1.0410284  1.1193954
ilr.fac1[15,6]  1.0186513  1.0274098
ilr.fac1[16,6]  1.0179791  1.0597514
ilr.fac1[17,6]  1.0657449  1.2069831
ilr.fac1[18,6]  1.0371346  1.1179874
ilr.fac1[19,6]  1.0342737  1.0904149
ilr.fac1[20,6]  1.0292441  1.0695669
ilr.fac1[21,6]  1.0548627  1.1758948
ilr.fac1[22,6]  1.0399171  1.1296254
ilr.fac1[23,6]  1.0536552  1.1780820
ilr.fac1[24,6]  1.0572989  1.1438345
ilr.fac1[25,6]  1.0702209  1.2263235
ilr.fac1[26,6]  1.1100577  1.2987317
ilr.fac1[27,6]  1.0468659  1.1178945
ilr.fac1[28,6]  1.0470801  1.1078329
ilr.fac1[29,6]  1.0108599  1.0250875
ilr.fac1[30,6]  1.1600214  1.4721136
ilr.fac1[31,6]  1.0460819  1.1229167
ilr.fac1[32,6]  1.0153648  1.0305836
ilr.fac1[33,6]  1.0236097  1.0460816
ilr.fac1[34,6]  1.0402895  1.1321873
ilr.fac1[35,6]  1.0344553  1.0969942
ilr.fac1[36,6]  1.0541896  1.1706847
ilr.fac1[37,6]  1.0618691  1.1930777
ilr.fac1[38,6]  1.0746661  1.2305831
ilr.fac1[39,6]  1.0380213  1.1208394
ilr.fac1[40,6]  1.1521606  1.4576466
ilr.fac1[41,6]  1.0558317  1.1694701
ilr.fac1[42,6]  1.0346845  1.1125628
ilr.fac1[43,6]  1.0371229  1.1185442
ilr.fac1[44,6]  1.0236207  1.0404511
ilr.fac1[45,6]  1.0252126  1.0751164
ilr.fac1[46,6]  1.0693127  1.1847039
ilr.fac1[47,6]  1.0561027  1.1781854
ilr.fac1[48,6]  1.0409470  1.1244762
ilr.fac1[49,6]  1.0224990  1.0421430
ilr.fac1[50,6]  1.0446142  1.1233061
ilr.fac1[51,6]  1.0347267  1.1127467
ilr.fac1[52,6]  1.0794125  1.2489244
ilr.fac1[53,6]  1.0578426  1.1431479
ilr.fac1[54,6]  1.0609401  1.1949056
ilr.fac1[55,6]  1.1015615  1.3159330
ilr.fac1[1,7]   1.0202290  1.0380459
ilr.fac1[2,7]   1.0260638  1.0433919
ilr.fac1[3,7]   1.0310928  1.0505493
ilr.fac1[4,7]   1.0278454  1.0311572
ilr.fac1[5,7]   1.0256109  1.0339065
ilr.fac1[6,7]   1.0219258  1.0268934
ilr.fac1[7,7]   1.0287086  1.0605952
ilr.fac1[8,7]   1.0399433  1.0590148
ilr.fac1[9,7]   1.0535173  1.0849510
ilr.fac1[10,7]  1.1589405  1.4787399
ilr.fac1[11,7]  1.0816427  1.1576664
ilr.fac1[12,7]  1.0299605  1.0526898
ilr.fac1[13,7]  1.0212404  1.0488516
ilr.fac1[14,7]  1.0423213  1.0770724
ilr.fac1[15,7]  1.0214302  1.0254289
ilr.fac1[16,7]  1.0157700  1.0188594
ilr.fac1[17,7]  1.0285848  1.0520962
ilr.fac1[18,7]  1.0584557  1.0792863
ilr.fac1[19,7]  1.0289349  1.0404037
ilr.fac1[20,7]  1.0166659  1.0287628
ilr.fac1[21,7]  1.0309923  1.0360171
ilr.fac1[22,7]  1.0271145  1.0366604
ilr.fac1[23,7]  1.0246603  1.0259923
ilr.fac1[24,7]  1.0690505  1.1306948
ilr.fac1[25,7]  1.0367529  1.0497199
ilr.fac1[26,7]  1.0655000  1.1380821
ilr.fac1[27,7]  1.0342977  1.0580906
ilr.fac1[28,7]  1.0519791  1.1119511
ilr.fac1[29,7]  1.0255756  1.0309738
ilr.fac1[30,7]  1.0501306  1.0945897
ilr.fac1[31,7]  1.0296411  1.0301301
ilr.fac1[32,7]  1.0356526  1.0766873
ilr.fac1[33,7]  1.0223742  1.0356088
ilr.fac1[34,7]  1.1637237  1.5003749
ilr.fac1[35,7]  1.0319407  1.0343574
ilr.fac1[36,7]  1.0283501  1.0448792
ilr.fac1[37,7]  1.0641064  1.0884697
ilr.fac1[38,7]  1.0169029  1.0349773
ilr.fac1[39,7]  1.0342368  1.0633651
ilr.fac1[40,7]  1.0288945  1.0552730
ilr.fac1[41,7]  1.0234366  1.0574638
ilr.fac1[42,7]  1.0218321  1.0267664
ilr.fac1[43,7]  1.0197125  1.0424636
ilr.fac1[44,7]  1.0413266  1.0842166
ilr.fac1[45,7]  1.0289982  1.0435071
ilr.fac1[46,7]  1.0753598  1.1548303
ilr.fac1[47,7]  1.1506992  1.4509069
ilr.fac1[48,7]  1.0228006  1.0246600
ilr.fac1[49,7]  1.0246876  1.0379858
ilr.fac1[50,7]  1.0233205  1.0321980
ilr.fac1[51,7]  1.0117839  1.0185584
ilr.fac1[52,7]  1.0187233  1.0215750
ilr.fac1[53,7]  1.0508249  1.1011126
ilr.fac1[54,7]  1.0892379  1.2308293
ilr.fac1[55,7]  1.0160749  1.0231822
loglik[1]       1.0054723  1.0084549
loglik[2]       1.0038257  1.0109523
loglik[3]       1.0028940  1.0123484
loglik[4]       1.0048270  1.0121011
loglik[5]       1.0026396  1.0047050
loglik[6]       1.0104789  1.0383563
loglik[7]       1.0130736  1.0389256
loglik[8]       1.0349970  1.0920989
loglik[9]       1.0941256  1.2778143
loglik[10]      1.0167243  1.0282566
loglik[11]      1.0031582  1.0133461
loglik[12]      1.0029542  1.0125139
loglik[13]      0.9996026  1.0000527
loglik[14]      1.0089317  1.0211365
loglik[15]      1.0021856  1.0072363
loglik[16]      1.0060171  1.0167912
loglik[17]      0.9994548  1.0001483
loglik[18]      1.0053535  1.0174718
loglik[19]      1.0044685  1.0110427
loglik[20]      1.0096104  1.0245422
loglik[21]      1.0079461  1.0239926
loglik[22]      1.0025719  1.0107956
loglik[23]      1.0035116  1.0058107
loglik[24]      1.0007994  1.0016506
loglik[25]      1.0006433  1.0014799
loglik[26]      1.0017914  1.0031621
loglik[27]      1.0030238  1.0061697
loglik[28]      1.0025579  1.0056272
loglik[29]      1.0026026  1.0097318
loglik[30]      1.0026385  1.0054623
loglik[31]      1.0048623  1.0164012
loglik[32]      1.0046466  1.0103442
loglik[33]      1.0040399  1.0061973
loglik[34]      1.0243944  1.0871142
loglik[35]      1.0100480  1.0335864
loglik[36]      1.0089198  1.0311810
loglik[37]      0.9996472  1.0011049
loglik[38]      1.0039828  1.0160981
loglik[39]      1.0002584  1.0033300
loglik[40]      1.0059778  1.0189270
loglik[41]      1.0011017  1.0063231
loglik[42]      1.0015893  1.0083560
loglik[43]      0.9995670  0.9997736
loglik[44]      1.0164636  1.0606380
loglik[45]      1.0218292  1.0689843
loglik[46]      1.0113778  1.0431817
loglik[47]      1.0001059  1.0019337
loglik[48]      1.0080792  1.0312884
loglik[49]      1.0035000  1.0135939
loglik[50]      1.0037918  1.0119011
loglik[51]      1.0006643  1.0042678
loglik[52]      1.0317820  1.0877285
loglik[53]      1.0062748  1.0251111
loglik[54]      0.9997133  1.0007811
loglik[55]      1.0002721  1.0034320
loglik[56]      1.0371056  1.1271466
loglik[57]      1.0253255  1.0893299
loglik[58]      1.0377567  1.1292808
loglik[59]      0.9998701  1.0003976
loglik[60]      1.0007412  1.0010264
loglik[61]      1.0033718  1.0051104
loglik[62]      1.0016808  1.0045436
loglik[63]      1.0131338  1.0229415
loglik[64]      1.0007542  1.0054157
loglik[65]      1.0001025  1.0016261
loglik[66]      1.0049961  1.0166017
loglik[67]      1.0046932  1.0085675
loglik[68]      1.0003493  1.0028557
loglik[69]      1.0004192  1.0026631
loglik[70]      1.0019671  1.0052507
loglik[71]      1.0006229  1.0033934
loglik[72]      1.0029084  1.0101574
loglik[73]      1.0016339  1.0042968
loglik[74]      1.0090173  1.0336010
loglik[75]      1.0187884  1.0678013
loglik[76]      1.0055312  1.0195560
loglik[77]      1.0002595  1.0005061
loglik[78]      1.0096469  1.0331165
loglik[79]      1.0047916  1.0086176
loglik[80]      1.0025888  1.0056083
loglik[81]      1.0116464  1.0259728
loglik[82]      1.0083261  1.0193698
loglik[83]      1.0151228  1.0389259
loglik[84]      1.0007859  1.0044783
loglik[85]      1.0041279  1.0148818
loglik[86]      1.0043754  1.0152926
loglik[87]      1.0177092  1.0638739
loglik[88]      1.0170890  1.0622786
loglik[89]      1.0019678  1.0069904
loglik[90]      1.0130878  1.0421121
loglik[91]      1.0016536  1.0073357
loglik[92]      1.0022247  1.0079772
loglik[93]      1.0006080  1.0041645
loglik[94]      1.0247856  1.0613500
loglik[95]      1.0103762  1.0255661
loglik[96]      1.0053460  1.0199614
loglik[97]      1.0013570  1.0051230
loglik[98]      1.0087358  1.0118294
loglik[99]      1.0047419  1.0151366
loglik[100]     1.0151160  1.0501404
loglik[101]     1.0035252  1.0092013
loglik[102]     0.9990800  0.9991885
loglik[103]     1.0098297  1.0352679
loglik[104]     1.0121486  1.0407901
loglik[105]     1.0107592  1.0320684
loglik[106]     1.0054545  1.0127206
loglik[107]     1.0010740  1.0040209
loglik[108]     0.9994177  1.0004636
loglik[109]     1.0045874  1.0159306
loglik[110]     1.0074730  1.0224516
loglik[111]     1.0014363  1.0046919
loglik[112]     1.0012803  1.0031140
loglik[113]     1.0052822  1.0186496
 [ reached getOption("max.print") -- omitted 494 rows ]

################################################################################
# Geweke Diagnostic
################################################################################

The Geweke diagnostic is a standard z-score, so we'd expect 5% to be outside +/-1.96
Number of variables outside +/-1.96 in each chain (out of 
994
):


       Chain 1 Chain 2 Chain 3
Geweke     201     372     214


And here are the Geweke diagnostics for all variables:

               chain1 chain2 chain3
deviance        1.321 -1.721 -1.988
fac1.sig        0.471  2.007 -1.047
ilr.fac1[1,1]  -1.175  0.377  2.072
ilr.fac1[2,1]  -0.140 -0.482  2.399
ilr.fac1[3,1]   0.595  0.238  0.261
ilr.fac1[4,1]  -2.293  2.658  3.674
ilr.fac1[5,1]  -0.847 -1.144  1.081
ilr.fac1[6,1]  -2.902  1.332  1.504
ilr.fac1[7,1]  -2.810  1.735  1.117
ilr.fac1[8,1]  -0.594 -0.567 -1.997
ilr.fac1[9,1]  -1.318  0.599 -1.721
ilr.fac1[10,1] -1.219  0.860 -0.826
ilr.fac1[11,1]  0.169  0.894 -3.414
ilr.fac1[12,1]  0.418 -0.642 -1.990
ilr.fac1[13,1]  1.344 -1.703  1.238
ilr.fac1[14,1] -0.082  0.738 -1.787
ilr.fac1[15,1]  1.750 -0.584 -1.936
ilr.fac1[16,1] -1.575  1.773 -0.754
ilr.fac1[17,1]  0.723  0.645  1.216
ilr.fac1[18,1]  3.029 -0.033 -1.944
ilr.fac1[19,1] -0.946  0.397  1.250
ilr.fac1[20,1]  1.239 -0.630  0.358
ilr.fac1[21,1] -0.381  0.307 -1.722
ilr.fac1[22,1] -1.055 -0.928 -0.471
ilr.fac1[23,1]  1.942 -0.246 -2.598
ilr.fac1[24,1]  0.496 -0.733  0.476
ilr.fac1[25,1]  0.227  2.005  2.215
ilr.fac1[26,1] -4.249  1.827  0.715
ilr.fac1[27,1] -0.514 -0.756 -1.804
ilr.fac1[28,1] -1.377  0.762 -0.742
ilr.fac1[29,1]  1.519  0.104 -1.300
ilr.fac1[30,1] -1.248  1.045  2.657
ilr.fac1[31,1]  1.962 -0.073 -3.090
ilr.fac1[32,1]  0.637  2.785  2.401
ilr.fac1[33,1]  1.359 -0.765  0.755
ilr.fac1[34,1] -2.430  4.705  0.881
ilr.fac1[35,1]  2.162 -1.211 -1.840
ilr.fac1[36,1]  0.237  1.005 -1.588
ilr.fac1[37,1]  0.879  1.147 -2.064
ilr.fac1[38,1] -0.764  0.138  1.863
ilr.fac1[39,1]  1.574  0.854 -1.667
ilr.fac1[40,1] -2.752  0.261  1.167
ilr.fac1[41,1]  0.429 -3.638  0.855
ilr.fac1[42,1]  0.632  1.745 -2.710
ilr.fac1[43,1] -0.673 -0.480  2.283
ilr.fac1[44,1] -0.024  4.294  0.010
ilr.fac1[45,1]  2.363 -2.441  0.131
ilr.fac1[46,1] -3.065 -0.274 -0.389
ilr.fac1[47,1]  0.371  1.353 -2.548
ilr.fac1[48,1]  0.333 -0.863  1.330
ilr.fac1[49,1]  0.865  0.509 -0.370
ilr.fac1[50,1]  5.065 -2.743 -0.051
ilr.fac1[51,1] -1.310 -1.960  1.450
ilr.fac1[52,1] -0.267  0.791  1.209
ilr.fac1[53,1] -0.967  0.368 -0.651
ilr.fac1[54,1]  0.920  0.374 -2.128
ilr.fac1[55,1]  0.125  1.235  1.856
ilr.fac1[1,2]   0.445  4.017  0.284
ilr.fac1[2,2]  -0.494  2.270 -0.383
ilr.fac1[3,2]   0.255  1.469 -1.240
ilr.fac1[4,2]   0.919  3.168 -1.019
ilr.fac1[5,2]  -3.099 -1.065 -0.730
ilr.fac1[6,2]   0.209  3.728  1.812
ilr.fac1[7,2]  -1.253  0.979  0.846
ilr.fac1[8,2]   1.988 -0.115 -2.493
ilr.fac1[9,2]   0.134 -1.059 -0.626
ilr.fac1[10,2]  2.013  0.045 -2.216
ilr.fac1[11,2]  1.563  0.345  0.544
ilr.fac1[12,2]  2.842 -0.153 -0.734
ilr.fac1[13,2] -1.631 -0.195  0.357
ilr.fac1[14,2]  0.856  0.547 -0.201
ilr.fac1[15,2]  1.243 -0.317 -0.412
ilr.fac1[16,2] -1.947  0.948  0.946
ilr.fac1[17,2] -1.105  1.885 -0.893
ilr.fac1[18,2]  0.376 -0.692 -1.556
ilr.fac1[19,2]  0.167  0.043  0.719
ilr.fac1[20,2] -3.536 -0.678 -0.532
ilr.fac1[21,2] -0.612  0.118  0.214
ilr.fac1[22,2]  1.534  0.228 -1.497
ilr.fac1[23,2] -1.264  0.816 -0.383
ilr.fac1[24,2]  0.974 -0.105  1.166
ilr.fac1[25,2]  2.301 -0.031 -0.712
ilr.fac1[26,2]  0.426 -1.565  0.628
ilr.fac1[27,2]  1.761  0.886  1.241
ilr.fac1[28,2] -0.395 -1.973 -1.942
ilr.fac1[29,2] -0.755 -1.529 -0.120
ilr.fac1[30,2]  0.197  1.835  0.008
ilr.fac1[31,2]  0.850 -0.244 -1.734
ilr.fac1[32,2]  0.125 -1.622  0.657
ilr.fac1[33,2] -0.390  0.330  0.530
ilr.fac1[34,2] -0.884  0.711  0.263
ilr.fac1[35,2] -0.582 -0.023 -0.994
ilr.fac1[36,2]  0.913 -0.479 -0.661
ilr.fac1[37,2]  0.301  0.542 -2.732
ilr.fac1[38,2] -0.342  1.588  0.109
ilr.fac1[39,2]  2.488 -2.203 -2.128
ilr.fac1[40,2] -0.317  1.580 -0.191
ilr.fac1[41,2] -1.458  0.553 -2.144
ilr.fac1[42,2]  1.857 -0.296 -1.355
ilr.fac1[43,2] -0.588  2.077 -0.563
ilr.fac1[44,2] -0.040 -1.723  0.505
ilr.fac1[45,2]  1.955  1.016  1.121
ilr.fac1[46,2]  1.339 -2.119  1.446
ilr.fac1[47,2] -0.010  1.251 -0.183
ilr.fac1[48,2] -1.050  1.140  2.774
ilr.fac1[49,2] -1.973 -0.441 -1.158
ilr.fac1[50,2] -1.913  0.326  2.171
ilr.fac1[51,2]  0.610 -1.683 -0.532
ilr.fac1[52,2]  0.892  0.427  0.658
ilr.fac1[53,2] -0.012 -1.558  0.994
ilr.fac1[54,2]  0.697 -2.657 -1.845
ilr.fac1[55,2] -0.264  0.123  0.834
ilr.fac1[1,3]  -0.047  0.380 -1.207
ilr.fac1[2,3]  -2.132 -0.513 -0.212
ilr.fac1[3,3]   0.368 -0.143 -0.306
ilr.fac1[4,3]  -1.395  1.532 -2.362
ilr.fac1[5,3]  -0.939 -2.646 -0.399
ilr.fac1[6,3]  -1.332  0.299  0.254
ilr.fac1[7,3]  -2.233 -0.248 -0.025
ilr.fac1[8,3]   2.193 -0.450 -0.077
ilr.fac1[9,3]   0.733  2.514  2.122
ilr.fac1[10,3]  1.825 -1.442 -1.084
ilr.fac1[11,3] -0.350  0.622  1.727
ilr.fac1[12,3]  1.903 -1.603 -0.651
ilr.fac1[13,3] -0.097 -0.479  1.064
ilr.fac1[14,3] -0.966 -0.680 -2.348
ilr.fac1[15,3] -0.206  1.579 -0.566
ilr.fac1[16,3] -1.098  0.485  1.056
ilr.fac1[17,3] -3.358 -0.912  0.385
ilr.fac1[18,3]  1.213  1.343  0.022
ilr.fac1[19,3] -0.372  2.756  0.494
ilr.fac1[20,3] -1.792  0.526  1.265
ilr.fac1[21,3]  0.826 -3.181 -0.962
ilr.fac1[22,3]  0.240 -3.519 -0.236
ilr.fac1[23,3] -0.006 -3.511  0.270
ilr.fac1[24,3]  0.106  1.683  0.193
ilr.fac1[25,3] -1.589  0.426 -0.032
ilr.fac1[26,3] -0.430  2.177  2.343
ilr.fac1[27,3]  0.774 -0.177  0.446
ilr.fac1[28,3] -1.331  1.350  0.094
ilr.fac1[29,3] -1.982 -0.697  1.002
ilr.fac1[30,3] -1.679  1.119  0.007
ilr.fac1[31,3]  1.014 -0.276 -1.770
ilr.fac1[32,3]  0.401  1.408  1.710
ilr.fac1[33,3] -0.163  1.444  0.630
ilr.fac1[34,3]  1.198 -0.605  1.238
ilr.fac1[35,3]  0.857  1.218 -1.239
ilr.fac1[36,3]  1.818  0.853  1.270
ilr.fac1[37,3]  0.999  0.358  0.839
ilr.fac1[38,3]  0.521  2.515  0.926
ilr.fac1[39,3]  1.692  1.113 -1.936
ilr.fac1[40,3] -0.578  0.923  1.165
ilr.fac1[41,3] -0.223 -0.361  0.822
ilr.fac1[42,3]  2.085 -1.770  0.533
ilr.fac1[43,3] -2.038  1.667 -0.976
ilr.fac1[44,3] -0.955  0.939  1.589
ilr.fac1[45,3] -1.215 -0.922  0.650
ilr.fac1[46,3]  0.894  0.905  1.934
ilr.fac1[47,3]  0.478 -0.477 -0.848
ilr.fac1[48,3] -2.471 -0.221  0.623
ilr.fac1[49,3] -2.407  1.311 -1.035
ilr.fac1[50,3] -0.817 -0.342  1.897
ilr.fac1[51,3] -0.655  1.463  0.256
ilr.fac1[52,3] -0.986  3.301 -1.954
ilr.fac1[53,3] -1.381  3.784  2.540
ilr.fac1[54,3]  1.033  0.869  0.585
ilr.fac1[55,3] -1.449  1.801  0.015
ilr.fac1[1,4]  -1.882  2.714 -0.845
ilr.fac1[2,4]  -1.359 -0.024 -0.664
ilr.fac1[3,4]  -0.550 -0.521 -0.299
ilr.fac1[4,4]  -1.080  0.438 -0.530
ilr.fac1[5,4]  -1.338  4.732  0.324
ilr.fac1[6,4]   0.780  0.275 -0.757
ilr.fac1[7,4]   0.300 -2.703 -0.993
ilr.fac1[8,4]   2.622 -2.379 -0.702
ilr.fac1[9,4]  -0.489 -1.636 -0.900
ilr.fac1[10,4]  2.624  0.888  1.125
ilr.fac1[11,4] -0.533 -0.873 -0.400
ilr.fac1[12,4]  1.987  1.909 -0.383
ilr.fac1[13,4] -2.186 -0.587 -0.390
ilr.fac1[14,4]  1.786 -0.487 -0.796
ilr.fac1[15,4]  1.190  0.229 -0.409
ilr.fac1[16,4]  0.188 -1.955  0.514
ilr.fac1[17,4] -0.052  0.571 -0.261
ilr.fac1[18,4]  2.801  0.084 -1.747
ilr.fac1[19,4]  0.270  0.952  1.185
ilr.fac1[20,4] -0.023 -3.636  0.992
ilr.fac1[21,4] -0.656  3.688  1.302
ilr.fac1[22,4] -0.585  2.457  0.948
ilr.fac1[23,4]  1.010  1.027  0.455
ilr.fac1[24,4]  1.781 -2.102 -0.792
ilr.fac1[25,4]  0.331  0.998  0.300
ilr.fac1[26,4]  1.280 -0.419  0.262
ilr.fac1[27,4] -0.704 -0.502 -0.962
ilr.fac1[28,4]  0.665 -0.239  1.088
ilr.fac1[29,4]  0.513  0.485 -0.222
ilr.fac1[30,4] -0.164 -1.521 -0.342
ilr.fac1[31,4]  2.846  0.421 -0.178
ilr.fac1[32,4]  1.269 -1.270 -0.709
ilr.fac1[33,4] -2.905 -0.459  0.656
ilr.fac1[34,4]  0.745 -0.750 -0.248
ilr.fac1[35,4]  1.014 -0.803 -0.613
ilr.fac1[36,4]  1.214 -0.279  0.157
ilr.fac1[37,4]  1.416 -1.927 -1.980
ilr.fac1[38,4] -3.126 -4.452 -0.870
ilr.fac1[39,4]  3.397 -0.481 -1.467
ilr.fac1[40,4] -0.389 -4.122 -1.011
ilr.fac1[41,4] -0.795  0.530 -1.704
ilr.fac1[42,4] -0.193 -0.385  0.573
ilr.fac1[43,4] -1.617  1.180 -0.275
ilr.fac1[44,4]  0.106 -1.278  0.460
ilr.fac1[45,4]  0.819  4.071  0.891
ilr.fac1[46,4]  0.464 -1.630  0.724
ilr.fac1[47,4] -0.201 -0.160  0.100
ilr.fac1[48,4]  0.477 -1.752  0.627
ilr.fac1[49,4] -0.415 -0.102  1.137
ilr.fac1[50,4] -2.545  1.069  2.455
ilr.fac1[51,4] -2.244  0.777 -0.586
ilr.fac1[52,4] -1.531 -0.477 -0.468
ilr.fac1[53,4]  0.726 -0.388 -0.224
ilr.fac1[54,4]  1.541 -0.966 -0.977
ilr.fac1[55,4] -1.319  0.340 -1.672
ilr.fac1[1,5]  -1.295  0.031 -0.135
ilr.fac1[2,5]  -0.796  1.018  0.364
ilr.fac1[3,5]  -0.347 -1.774  0.989
ilr.fac1[4,5]  -1.966 -2.390 -0.225
ilr.fac1[5,5]  -1.276  4.219  2.442
ilr.fac1[6,5]  -0.670 -1.853 -0.747
ilr.fac1[7,5]  -0.167  1.577 -1.912
ilr.fac1[8,5]  -0.139 -3.692 -2.504
ilr.fac1[9,5]   0.662 -0.692 -1.432
ilr.fac1[10,5]  0.248 -0.450 -1.443
ilr.fac1[11,5]  0.697  0.795 -0.738
ilr.fac1[12,5]  2.517  1.177 -3.599
ilr.fac1[13,5] -0.444  1.481  2.832
ilr.fac1[14,5]  0.389  0.776  0.421
ilr.fac1[15,5]  2.187  0.048 -2.527
ilr.fac1[16,5] -1.846  2.440 -0.088
ilr.fac1[17,5]  0.221 -0.019 -0.058
ilr.fac1[18,5]  0.824 -2.756 -1.282
ilr.fac1[19,5]  0.348 -1.574 -2.586
ilr.fac1[20,5] -0.972  0.592  2.299
ilr.fac1[21,5] -2.515  1.459  0.883
ilr.fac1[22,5] -0.843  1.595  0.997
ilr.fac1[23,5] -0.494 -0.604 -0.875
ilr.fac1[24,5]  0.895 -0.145 -1.212
ilr.fac1[25,5]  0.315 -2.063  0.477
ilr.fac1[26,5] -1.095  1.592 -0.036
ilr.fac1[27,5] -0.282  0.127 -0.352
ilr.fac1[28,5]  0.441  0.169 -0.001
ilr.fac1[29,5]  1.398 -2.956 -1.804
ilr.fac1[30,5] -0.257 -0.294  0.477
ilr.fac1[31,5]  0.499 -0.633 -2.815
ilr.fac1[32,5] -1.460 -2.977 -0.443
ilr.fac1[33,5] -0.664 -0.556  1.609
ilr.fac1[34,5]  0.917  3.281  0.409
ilr.fac1[35,5]  0.789 -2.143 -2.414
ilr.fac1[36,5]  0.160 -0.193 -1.743
ilr.fac1[37,5]  1.121 -3.170 -1.778
ilr.fac1[38,5] -0.678  1.415  1.455
ilr.fac1[39,5]  1.821 -1.912 -1.464
ilr.fac1[40,5] -0.389  0.425  1.810
ilr.fac1[41,5]  1.266 -0.854  0.780
ilr.fac1[42,5]  0.401 -1.583 -3.023
ilr.fac1[43,5] -0.586  0.065 -0.032
ilr.fac1[44,5]  0.651  0.050 -0.042
ilr.fac1[45,5] -0.089  3.502  1.226
ilr.fac1[46,5]  1.353 -0.449  0.385
ilr.fac1[47,5] -1.360  0.159 -0.496
ilr.fac1[48,5] -0.167  1.521  1.082
ilr.fac1[49,5] -1.016 -0.184  1.303
ilr.fac1[50,5] -3.505  3.024  2.377
ilr.fac1[51,5] -1.609 -2.825  1.040
ilr.fac1[52,5] -2.365 -1.844  0.894
ilr.fac1[53,5]  0.405  2.013  0.048
ilr.fac1[54,5]  1.287 -2.795 -1.414
ilr.fac1[55,5] -1.692 -1.617  0.099
ilr.fac1[1,6]  -0.077 -4.586 -2.907
ilr.fac1[2,6]  -0.598 -4.485 -1.659
ilr.fac1[3,6]   1.037 -3.220 -0.904
ilr.fac1[4,6]  -0.377 -5.658 -2.148
ilr.fac1[5,6]   0.837  4.192  0.085
ilr.fac1[6,6]  -0.768 -6.120 -3.034
ilr.fac1[7,6]  -0.552 -3.879 -2.115
ilr.fac1[8,6]   0.643  4.066  1.578
ilr.fac1[9,6]   0.574  0.755  2.052
ilr.fac1[10,6] -0.815  3.392 -0.633
ilr.fac1[11,6] -1.268  1.615  1.421
ilr.fac1[12,6]  0.749  2.537  1.748
ilr.fac1[13,6]  0.722 -4.515 -1.640
ilr.fac1[14,6] -0.914  2.508  2.220
ilr.fac1[15,6]  1.368  0.889  1.380
ilr.fac1[16,6] -1.426  1.507 -0.456
ilr.fac1[17,6] -1.096 -2.982 -0.858
ilr.fac1[18,6]  0.538  3.166  1.375
ilr.fac1[19,6]  0.194 -2.230 -0.089
ilr.fac1[20,6] -0.306 -0.800 -0.967
ilr.fac1[21,6]  0.176  3.513 -0.235
ilr.fac1[22,6]  0.525  3.573  2.489
ilr.fac1[23,6]  1.106  2.944  0.367
ilr.fac1[24,6] -0.887 -0.165  1.046
ilr.fac1[25,6] -2.177 -3.665 -0.523
ilr.fac1[26,6] -0.688  0.087  1.134
ilr.fac1[27,6] -0.217  2.983  2.656
ilr.fac1[28,6]  0.023  3.377  1.531
ilr.fac1[29,6]  1.022  2.219  1.449
ilr.fac1[30,6] -0.080 -4.258 -1.316
ilr.fac1[31,6]  0.452  2.758  1.597
ilr.fac1[32,6] -1.470 -1.485  0.133
ilr.fac1[33,6]  1.721  1.162 -0.720
ilr.fac1[34,6]  0.409  3.518  0.294
ilr.fac1[35,6]  1.593  4.397 -0.598
ilr.fac1[36,6]  0.136  2.197  3.032
ilr.fac1[37,6]  2.693  4.803 -0.344
ilr.fac1[38,6] -1.102 -3.929 -1.660
ilr.fac1[39,6]  1.497  3.861  2.652
ilr.fac1[40,6] -0.131 -5.681 -2.512
ilr.fac1[41,6]  1.732 -2.879 -0.374
ilr.fac1[42,6]  0.159  4.408  0.685
ilr.fac1[43,6] -0.754 -2.470 -1.334
ilr.fac1[44,6] -1.678 -2.162  0.987
ilr.fac1[45,6] -0.693  3.385  0.603
ilr.fac1[46,6] -0.016 -0.338  1.986
ilr.fac1[47,6]  1.371  5.481  2.482
ilr.fac1[48,6] -0.989  1.564  0.307
ilr.fac1[49,6]  2.049 -0.675 -1.473
ilr.fac1[50,6]  2.068  1.805 -1.041
ilr.fac1[51,6] -1.150 -3.343  0.106
ilr.fac1[52,6] -0.899 -3.371 -2.608
ilr.fac1[53,6] -1.800  0.047  2.187
ilr.fac1[54,6]  0.156  4.687  1.382
ilr.fac1[55,6] -0.494 -3.062 -1.979
ilr.fac1[1,7]   0.773  2.513 -0.965
 [ reached 'max' / getOption("max.print") -- omitted 661 rows ]
