
#################################################################
# Summary Statistics
#################################################################

DIC = 63.04966

               Mean    SD  2.5%    5%   25%   50%   75%   95% 97.5%
Epsilon.1     0.054 0.012 0.032 0.035 0.045 0.053 0.061 0.074 0.078
Epsilon.2     0.035 0.007 0.023 0.025 0.030 0.034 0.039 0.047 0.049
Individual.SD 1.120 0.311 0.743 0.775 0.922 1.050 1.232 1.726 1.972
p.global.P01  0.050 0.050 0.001 0.003 0.015 0.034 0.066 0.154 0.188
p.global.P02  0.034 0.051 0.000 0.001 0.007 0.018 0.041 0.116 0.170
p.global.P03  0.145 0.068 0.022 0.037 0.095 0.143 0.192 0.260 0.284
p.global.P04  0.043 0.046 0.001 0.002 0.009 0.026 0.065 0.135 0.162
p.global.P05  0.296 0.077 0.100 0.141 0.256 0.305 0.347 0.406 0.424
p.global.P06  0.196 0.052 0.100 0.113 0.161 0.194 0.229 0.282 0.306
p.global.P07  0.102 0.087 0.006 0.010 0.036 0.079 0.147 0.268 0.325
p.global.P08  0.133 0.054 0.036 0.048 0.095 0.130 0.168 0.228 0.248
p.G01.P01     0.025 0.030 0.000 0.001 0.005 0.013 0.033 0.088 0.111
p.G02.P01     0.051 0.069 0.000 0.001 0.007 0.024 0.064 0.203 0.261
p.G03.P01     0.060 0.093 0.000 0.001 0.008 0.023 0.066 0.274 0.348
p.G04.P01     0.040 0.060 0.000 0.001 0.006 0.018 0.049 0.160 0.217
p.G05.P01     0.028 0.044 0.000 0.001 0.005 0.014 0.034 0.099 0.132
p.G06.P01     0.025 0.033 0.000 0.001 0.005 0.013 0.032 0.087 0.119
p.G07.P01     0.027 0.034 0.000 0.001 0.005 0.015 0.036 0.096 0.122
p.G08.P01     0.054 0.103 0.000 0.001 0.006 0.020 0.056 0.221 0.337
p.G09.P01     0.074 0.126 0.000 0.001 0.008 0.026 0.074 0.338 0.486
p.G10.P01     0.034 0.056 0.000 0.001 0.005 0.016 0.040 0.120 0.169
p.G11.P01     0.082 0.142 0.000 0.001 0.008 0.027 0.084 0.404 0.535
p.G12.P01     0.090 0.190 0.000 0.001 0.007 0.021 0.061 0.607 0.792
p.G13.P01     0.043 0.061 0.000 0.001 0.007 0.020 0.052 0.168 0.222
p.G14.P01     0.096 0.150 0.001 0.001 0.009 0.034 0.109 0.437 0.592
p.G15.P01     0.117 0.217 0.001 0.001 0.008 0.024 0.083 0.706 0.801
p.G16.P01     0.027 0.036 0.000 0.001 0.004 0.013 0.035 0.099 0.134
p.G17.P01     0.039 0.051 0.001 0.001 0.006 0.019 0.051 0.143 0.180
p.G18.P01     0.069 0.106 0.000 0.001 0.007 0.025 0.082 0.291 0.394
p.G19.P01     0.075 0.144 0.000 0.001 0.006 0.020 0.060 0.452 0.584
p.G20.P01     0.034 0.046 0.000 0.001 0.006 0.018 0.044 0.126 0.169
p.G21.P01     0.040 0.084 0.000 0.001 0.005 0.016 0.040 0.150 0.228
p.G22.P01     0.038 0.079 0.000 0.001 0.005 0.015 0.040 0.142 0.216
p.G23.P01     0.056 0.094 0.000 0.001 0.007 0.022 0.063 0.231 0.344
p.G24.P01     0.075 0.123 0.001 0.001 0.008 0.027 0.081 0.339 0.472
p.G25.P01     0.039 0.050 0.000 0.001 0.007 0.020 0.050 0.143 0.191
p.G26.P01     0.038 0.063 0.000 0.001 0.005 0.015 0.041 0.152 0.210
p.G27.P01     0.084 0.144 0.000 0.001 0.009 0.028 0.088 0.388 0.558
p.G28.P01     0.069 0.100 0.001 0.001 0.008 0.029 0.088 0.282 0.362
p.G29.P01     0.094 0.146 0.001 0.001 0.009 0.032 0.107 0.431 0.574
p.G30.P01     0.015 0.019 0.000 0.001 0.003 0.008 0.020 0.051 0.065
p.G31.P01     0.092 0.157 0.000 0.001 0.008 0.027 0.093 0.446 0.608
p.G32.P01     0.052 0.067 0.000 0.001 0.009 0.026 0.071 0.187 0.234
p.G33.P01     0.055 0.075 0.000 0.001 0.008 0.025 0.071 0.215 0.282
p.G35.P01     0.092 0.152 0.001 0.001 0.009 0.029 0.095 0.439 0.595
p.G36.P01     0.089 0.141 0.001 0.001 0.010 0.032 0.100 0.397 0.526
p.G37.P01     0.067 0.105 0.000 0.001 0.008 0.027 0.081 0.271 0.370
p.G38.P01     0.036 0.048 0.000 0.001 0.006 0.019 0.046 0.135 0.178
p.G39.P01     0.070 0.126 0.000 0.001 0.007 0.022 0.068 0.325 0.485
p.G40.P01     0.028 0.035 0.000 0.001 0.005 0.015 0.036 0.099 0.129
p.G41.P01     0.047 0.070 0.000 0.001 0.007 0.020 0.056 0.192 0.260
p.G42.P01     0.081 0.133 0.001 0.001 0.009 0.029 0.086 0.356 0.490
p.G43.P01     0.047 0.059 0.001 0.001 0.008 0.025 0.064 0.172 0.220
p.G44.P01     0.069 0.098 0.001 0.001 0.009 0.029 0.083 0.279 0.369
p.G45.P01     0.054 0.089 0.000 0.001 0.007 0.019 0.059 0.237 0.336
p.G46.P01     0.068 0.103 0.001 0.001 0.008 0.026 0.078 0.281 0.373
p.G47.P01     0.047 0.078 0.000 0.001 0.006 0.019 0.054 0.187 0.254
p.G48.P01     0.027 0.039 0.000 0.001 0.004 0.013 0.034 0.103 0.152
p.G49.P01     0.061 0.082 0.000 0.001 0.008 0.027 0.077 0.248 0.313
p.G50.P01     0.049 0.072 0.000 0.001 0.007 0.021 0.061 0.204 0.264
p.G51.P01     0.043 0.056 0.000 0.001 0.007 0.022 0.056 0.162 0.216
p.G52.P01     0.037 0.048 0.000 0.001 0.007 0.019 0.047 0.132 0.174
p.G53.P01     0.057 0.080 0.001 0.001 0.008 0.025 0.074 0.222 0.296
p.G54.P01     0.052 0.080 0.000 0.001 0.007 0.022 0.060 0.210 0.293
p.G55.P01     0.035 0.044 0.000 0.001 0.006 0.018 0.046 0.127 0.167
p.G01.P02     0.032 0.102 0.000 0.000 0.002 0.008 0.025 0.104 0.172
p.G02.P02     0.050 0.106 0.000 0.000 0.004 0.013 0.045 0.234 0.373
p.G03.P02     0.052 0.111 0.000 0.000 0.004 0.012 0.041 0.287 0.450
p.G04.P02     0.047 0.116 0.000 0.000 0.003 0.010 0.033 0.237 0.467
p.G05.P02     0.060 0.154 0.000 0.000 0.002 0.009 0.030 0.398 0.688
p.G06.P02     0.033 0.101 0.000 0.000 0.002 0.008 0.022 0.106 0.277
p.G07.P02     0.037 0.113 0.000 0.000 0.003 0.009 0.027 0.111 0.248
p.G08.P02     0.033 0.058 0.000 0.000 0.003 0.011 0.035 0.148 0.209
p.G09.P02     0.029 0.045 0.000 0.000 0.003 0.013 0.034 0.122 0.165
p.G10.P02     0.016 0.023 0.000 0.000 0.002 0.008 0.020 0.059 0.082
p.G11.P02     0.030 0.049 0.000 0.000 0.003 0.012 0.035 0.122 0.182
p.G12.P02     0.024 0.038 0.000 0.000 0.003 0.010 0.028 0.096 0.134
p.G13.P02     0.049 0.118 0.000 0.000 0.003 0.011 0.038 0.215 0.417
p.G14.P02     0.036 0.054 0.000 0.000 0.004 0.014 0.043 0.146 0.195
p.G15.P02     0.029 0.052 0.000 0.000 0.003 0.011 0.033 0.119 0.179
p.G16.P02     0.027 0.063 0.000 0.000 0.002 0.007 0.023 0.123 0.191
p.G17.P02     0.046 0.114 0.000 0.000 0.003 0.011 0.037 0.194 0.354
p.G18.P02     0.030 0.046 0.000 0.000 0.003 0.012 0.035 0.127 0.172
p.G19.P02     0.033 0.068 0.000 0.000 0.003 0.011 0.032 0.139 0.230
p.G20.P02     0.038 0.088 0.000 0.000 0.003 0.010 0.033 0.166 0.264
p.G21.P02     0.038 0.094 0.000 0.000 0.002 0.008 0.029 0.176 0.376
p.G22.P02     0.043 0.106 0.000 0.000 0.002 0.009 0.029 0.225 0.445
p.G23.P02     0.047 0.088 0.000 0.000 0.003 0.012 0.043 0.237 0.337
p.G24.P02     0.031 0.049 0.000 0.000 0.004 0.012 0.034 0.130 0.176
p.G25.P02     0.039 0.081 0.000 0.000 0.003 0.012 0.038 0.172 0.276
p.G26.P02     0.023 0.041 0.000 0.000 0.003 0.009 0.025 0.091 0.141
p.G27.P02     0.028 0.042 0.000 0.000 0.004 0.012 0.034 0.110 0.144
p.G28.P02     0.030 0.045 0.000 0.000 0.004 0.012 0.036 0.120 0.169
p.G29.P02     0.045 0.071 0.000 0.000 0.004 0.015 0.052 0.197 0.266
p.G30.P02     0.025 0.103 0.000 0.000 0.002 0.006 0.017 0.063 0.100
p.G31.P02     0.034 0.057 0.000 0.000 0.004 0.012 0.037 0.149 0.207
p.G32.P02     0.035 0.059 0.000 0.000 0.004 0.013 0.038 0.148 0.207
p.G33.P02     0.059 0.115 0.000 0.000 0.004 0.015 0.052 0.293 0.450
p.G35.P02     0.035 0.055 0.000 0.000 0.004 0.013 0.040 0.150 0.210
p.G36.P02     0.031 0.046 0.000 0.000 0.004 0.013 0.040 0.127 0.164
p.G37.P02     0.027 0.040 0.000 0.000 0.003 0.011 0.033 0.109 0.155
p.G38.P02     0.044 0.106 0.000 0.000 0.003 0.011 0.037 0.175 0.294
p.G39.P02     0.026 0.041 0.000 0.000 0.003 0.010 0.031 0.110 0.154
p.G40.P02     0.038 0.112 0.000 0.000 0.003 0.009 0.029 0.129 0.219
p.G41.P02     0.061 0.146 0.000 0.000 0.003 0.011 0.039 0.394 0.634
p.G42.P02     0.041 0.067 0.000 0.000 0.004 0.013 0.046 0.184 0.261
p.G43.P02     0.048 0.094 0.000 0.000 0.004 0.014 0.046 0.213 0.326
p.G44.P02     0.036 0.059 0.000 0.000 0.004 0.013 0.042 0.155 0.211
p.G45.P02     0.058 0.120 0.000 0.000 0.003 0.011 0.044 0.335 0.475
p.G46.P02     0.026 0.039 0.000 0.000 0.004 0.011 0.032 0.106 0.139
p.G47.P02     0.019 0.027 0.000 0.000 0.003 0.009 0.024 0.074 0.100
 [ reached getOption("max.print") -- omitted 332 rows ]
