
#################################################################
# Summary Statistics
#################################################################

DIC = 261.2274

               Mean    SD  2.5%    5%   25%   50%   75%   95% 97.5%
Epsilon.1     0.030 0.009 0.016 0.017 0.023 0.029 0.035 0.047 0.051
Epsilon.2     0.026 0.004 0.018 0.019 0.023 0.025 0.028 0.033 0.035
Individual.SD 2.017 0.380 1.454 1.517 1.738 1.958 2.226 2.725 2.882
p.global.P01  0.341 0.084 0.194 0.213 0.282 0.337 0.394 0.487 0.523
p.global.P02  0.276 0.149 0.035 0.045 0.124 0.304 0.390 0.491 0.527
p.global.P03  0.139 0.064 0.038 0.047 0.092 0.134 0.178 0.254 0.280
p.global.P04  0.188 0.167 0.030 0.037 0.063 0.098 0.330 0.514 0.552
p.global.P05  0.056 0.033 0.010 0.014 0.032 0.050 0.074 0.120 0.137
p.G01.P01     0.027 0.029 0.000 0.001 0.006 0.018 0.038 0.085 0.106
p.G02.P01     0.126 0.083 0.003 0.006 0.055 0.120 0.189 0.268 0.293
p.G03.P01     0.196 0.117 0.006 0.012 0.095 0.204 0.289 0.381 0.408
p.G04.P01     0.094 0.076 0.002 0.003 0.029 0.080 0.142 0.241 0.271
p.G05.P01     0.063 0.076 0.000 0.001 0.011 0.035 0.089 0.222 0.278
p.G06.P01     0.028 0.030 0.000 0.001 0.007 0.019 0.040 0.092 0.111
p.G07.P01     0.032 0.035 0.000 0.001 0.006 0.019 0.046 0.105 0.127
p.G08.P01     0.884 0.111 0.641 0.704 0.841 0.908 0.958 0.991 0.995
p.G09.P01     0.332 0.152 0.018 0.046 0.230 0.348 0.447 0.559 0.588
p.G10.P01     0.701 0.128 0.353 0.492 0.657 0.725 0.776 0.844 0.866
p.G11.P01     0.360 0.166 0.022 0.051 0.250 0.385 0.482 0.601 0.639
p.G12.P01     0.563 0.208 0.044 0.103 0.467 0.604 0.707 0.836 0.878
p.G13.P01     0.092 0.073 0.001 0.002 0.028 0.080 0.143 0.224 0.249
p.G14.P01     0.505 0.148 0.103 0.201 0.440 0.530 0.599 0.700 0.742
p.G15.P01     0.430 0.240 0.011 0.030 0.225 0.457 0.625 0.784 0.841
p.G16.P01     0.020 0.026 0.000 0.000 0.003 0.010 0.028 0.073 0.095
p.G17.P01     0.069 0.058 0.001 0.002 0.019 0.056 0.107 0.183 0.205
p.G18.P01     0.915 0.069 0.749 0.791 0.882 0.930 0.966 0.993 0.996
p.G19.P01     0.204 0.148 0.003 0.007 0.066 0.194 0.321 0.452 0.493
p.G20.P01     0.041 0.044 0.000 0.001 0.008 0.025 0.063 0.132 0.152
p.G21.P01     0.239 0.185 0.002 0.006 0.075 0.215 0.365 0.570 0.646
p.G22.P01     0.209 0.156 0.003 0.007 0.073 0.190 0.316 0.497 0.555
p.G23.P01     0.468 0.146 0.134 0.219 0.386 0.476 0.558 0.697 0.749
p.G24.P01     0.347 0.126 0.036 0.083 0.279 0.364 0.436 0.524 0.553
p.G25.P01     0.061 0.053 0.001 0.003 0.017 0.046 0.093 0.163 0.187
p.G26.P01     0.143 0.115 0.001 0.003 0.041 0.123 0.226 0.353 0.389
p.G27.P01     0.553 0.139 0.186 0.280 0.495 0.573 0.641 0.739 0.771
p.G28.P01     0.331 0.126 0.039 0.083 0.258 0.347 0.420 0.510 0.539
p.G29.P01     0.557 0.141 0.192 0.282 0.492 0.585 0.653 0.735 0.762
p.G30.P01     0.013 0.015 0.000 0.000 0.002 0.007 0.017 0.043 0.054
p.G31.P01     0.745 0.127 0.462 0.544 0.687 0.758 0.820 0.924 0.953
p.G32.P01     0.117 0.087 0.002 0.005 0.043 0.106 0.176 0.276 0.306
p.G33.P01     0.156 0.096 0.003 0.009 0.074 0.158 0.230 0.313 0.334
p.G34.P01     0.245 0.129 0.007 0.016 0.143 0.270 0.347 0.419 0.439
p.G35.P01     0.716 0.127 0.436 0.511 0.655 0.728 0.795 0.897 0.930
p.G36.P01     0.574 0.126 0.254 0.346 0.513 0.587 0.653 0.748 0.779
p.G37.P01     0.918 0.069 0.750 0.786 0.886 0.933 0.968 0.993 0.996
p.G38.P01     0.054 0.049 0.000 0.001 0.014 0.041 0.082 0.153 0.172
p.G39.P01     0.894 0.091 0.708 0.755 0.854 0.910 0.956 0.990 0.995
p.G40.P01     0.033 0.036 0.000 0.001 0.006 0.020 0.046 0.107 0.125
p.G41.P01     0.134 0.089 0.001 0.004 0.056 0.133 0.201 0.282 0.308
p.G42.P01     0.670 0.138 0.345 0.440 0.598 0.688 0.761 0.860 0.904
p.G43.P01     0.107 0.075 0.002 0.005 0.041 0.102 0.161 0.236 0.260
p.G44.P01     0.213 0.119 0.008 0.017 0.114 0.220 0.303 0.398 0.426
p.G45.P01     0.189 0.156 0.003 0.006 0.050 0.150 0.304 0.478 0.523
p.G46.P01     0.373 0.140 0.044 0.094 0.294 0.394 0.472 0.570 0.604
p.G47.P01     0.702 0.143 0.312 0.445 0.646 0.725 0.790 0.886 0.912
p.G48.P01     0.029 0.036 0.000 0.000 0.004 0.015 0.042 0.106 0.129
p.G49.P01     0.190 0.107 0.006 0.013 0.104 0.201 0.273 0.358 0.379
p.G50.P01     0.126 0.104 0.001 0.003 0.034 0.100 0.208 0.314 0.341
p.G51.P01     0.080 0.062 0.001 0.004 0.026 0.068 0.121 0.193 0.221
p.G52.P01     0.052 0.047 0.001 0.002 0.015 0.040 0.077 0.149 0.170
p.G53.P01     0.248 0.118 0.015 0.035 0.164 0.260 0.334 0.428 0.455
p.G54.P01     0.891 0.097 0.669 0.737 0.848 0.910 0.958 0.992 0.996
p.G55.P01     0.046 0.043 0.001 0.002 0.012 0.033 0.068 0.132 0.153
p.G01.P02     0.437 0.310 0.000 0.001 0.023 0.569 0.689 0.803 0.825
p.G02.P02     0.430 0.272 0.001 0.002 0.120 0.542 0.643 0.761 0.791
p.G03.P02     0.392 0.238 0.001 0.002 0.155 0.473 0.577 0.690 0.724
p.G04.P02     0.443 0.285 0.001 0.002 0.096 0.566 0.674 0.776 0.802
p.G05.P02     0.392 0.336 0.004 0.011 0.117 0.254 0.767 0.960 0.978
p.G06.P02     0.384 0.281 0.000 0.001 0.018 0.480 0.603 0.766 0.804
p.G07.P02     0.545 0.378 0.000 0.000 0.022 0.749 0.842 0.929 0.954
p.G08.P02     0.038 0.050 0.000 0.000 0.005 0.020 0.054 0.132 0.179
p.G09.P02     0.156 0.140 0.001 0.002 0.036 0.117 0.249 0.426 0.484
p.G10.P02     0.036 0.049 0.000 0.001 0.007 0.021 0.048 0.120 0.157
p.G11.P02     0.161 0.142 0.001 0.002 0.034 0.129 0.258 0.431 0.489
p.G12.P02     0.105 0.113 0.001 0.002 0.021 0.071 0.153 0.327 0.412
p.G13.P02     0.513 0.321 0.000 0.001 0.128 0.671 0.759 0.859 0.885
p.G14.P02     0.126 0.110 0.001 0.002 0.036 0.104 0.191 0.334 0.380
p.G15.P02     0.182 0.159 0.001 0.004 0.052 0.153 0.264 0.522 0.613
p.G16.P02     0.673 0.405 0.000 0.000 0.080 0.904 0.959 0.991 0.995
p.G17.P02     0.447 0.298 0.000 0.001 0.063 0.576 0.680 0.799 0.835
p.G18.P02     0.025 0.031 0.000 0.000 0.003 0.013 0.034 0.083 0.107
p.G19.P02     0.302 0.215 0.001 0.003 0.073 0.326 0.476 0.634 0.675
p.G20.P02     0.590 0.380 0.000 0.000 0.072 0.798 0.882 0.958 0.974
p.G21.P02     0.242 0.302 0.002 0.003 0.019 0.067 0.491 0.858 0.914
p.G22.P02     0.261 0.305 0.002 0.004 0.028 0.085 0.541 0.860 0.911
p.G23.P02     0.183 0.192 0.002 0.005 0.032 0.090 0.333 0.559 0.621
p.G24.P02     0.085 0.099 0.001 0.002 0.017 0.055 0.115 0.286 0.389
p.G25.P02     0.331 0.231 0.000 0.002 0.059 0.391 0.505 0.673 0.716
p.G26.P02     0.093 0.144 0.000 0.001 0.008 0.030 0.095 0.480 0.534
p.G27.P02     0.077 0.091 0.000 0.001 0.012 0.046 0.111 0.260 0.319
p.G28.P02     0.091 0.105 0.000 0.001 0.015 0.054 0.125 0.322 0.391
p.G29.P02     0.170 0.120 0.000 0.002 0.057 0.179 0.260 0.349 0.385
p.G30.P02     0.558 0.398 0.000 0.000 0.009 0.761 0.880 0.973 0.985
p.G31.P02     0.093 0.082 0.000 0.001 0.024 0.079 0.145 0.228 0.262
p.G32.P02     0.190 0.144 0.001 0.003 0.064 0.183 0.282 0.457 0.538
p.G33.P02     0.466 0.252 0.001 0.003 0.257 0.571 0.660 0.753 0.788
p.G34.P02     0.064 0.076 0.000 0.001 0.010 0.033 0.089 0.236 0.289
p.G35.P02     0.089 0.077 0.000 0.001 0.022 0.073 0.138 0.223 0.254
p.G36.P02     0.084 0.085 0.001 0.002 0.019 0.060 0.122 0.247 0.302
p.G37.P02     0.021 0.028 0.000 0.000 0.003 0.010 0.028 0.074 0.092
p.G38.P02     0.466 0.315 0.000 0.001 0.049 0.611 0.708 0.827 0.856
p.G39.P02     0.029 0.034 0.000 0.000 0.004 0.016 0.042 0.097 0.116
p.G40.P02     0.527 0.367 0.000 0.000 0.023 0.711 0.818 0.924 0.951
p.G41.P02     0.498 0.293 0.000 0.001 0.193 0.639 0.722 0.816 0.850
p.G42.P02     0.131 0.105 0.001 0.003 0.044 0.116 0.197 0.310 0.377
p.G43.P02     0.384 0.243 0.001 0.003 0.122 0.468 0.573 0.699 0.740
p.G44.P02     0.176 0.144 0.002 0.004 0.053 0.155 0.257 0.463 0.531
p.G45.P02     0.366 0.249 0.007 0.019 0.161 0.333 0.545 0.819 0.881
p.G46.P02     0.092 0.112 0.000 0.001 0.012 0.044 0.133 0.340 0.416
p.G47.P02     0.042 0.056 0.000 0.001 0.007 0.023 0.056 0.148 0.191
p.G48.P02     0.667 0.390 0.000 0.000 0.164 0.875 0.946 0.988 0.994
 [ reached getOption("max.print") -- omitted 172 rows ]
