
################################################################################
# Gelman-Rubin Diagnostic
################################################################################

Generally the Gelman diagnostic should be < 1.05


Out of 661 variables: 44 > 1.01

                      
2 > 1.05

                      
0 > 1.1


The worst variables are:

               Point est. Upper C.I.
p.fac1[10,4]     1.066352   1.104767
p.global[5]      1.063032   1.197372
fac1.sig         1.042062   1.117484
p.global[4]      1.038632   1.105683
p.fac1[8,5]      1.036677   1.051095
p.fac1[26,2]     1.034132   1.085983
p.fac1[10,1]     1.031127   1.057387
p.global[3]      1.028322   1.089437
ilr.fac1[34,4]   1.026110   1.089833
p.fac1[26,5]     1.025178   1.076642


And here are the Gelman diagnostics for all variables:

               Point est. Upper C.I.
deviance        1.0010417  1.0029244
fac1.sig        1.0420624  1.1174843
ilr.fac1[1,1]   1.0034977  1.0071949
ilr.fac1[1,2]   1.0021681  1.0038711
ilr.fac1[1,3]   1.0065676  1.0182741
ilr.fac1[1,4]   1.0046821  1.0173025
ilr.fac1[10,1]  1.0074470  1.0093855
ilr.fac1[10,2]  1.0016143  1.0045133
ilr.fac1[10,3]  1.0089503  1.0116025
ilr.fac1[10,4]  1.0145314  1.0406828
ilr.fac1[11,1]  1.0034885  1.0060113
ilr.fac1[11,2]  1.0019697  1.0034377
ilr.fac1[11,3]  1.0005124  1.0011821
ilr.fac1[11,4]  1.0045480  1.0123311
ilr.fac1[12,1]  1.0047137  1.0103982
ilr.fac1[12,2]  1.0019237  1.0051641
ilr.fac1[12,3]  1.0003720  1.0008102
ilr.fac1[12,4]  1.0075698  1.0201698
ilr.fac1[13,1]  1.0078273  1.0139586
ilr.fac1[13,2]  1.0022049  1.0061199
ilr.fac1[13,3]  1.0021329  1.0061667
ilr.fac1[13,4]  1.0021476  1.0029046
ilr.fac1[14,1]  1.0035441  1.0110328
ilr.fac1[14,2]  1.0020941  1.0081469
ilr.fac1[14,3]  1.0004714  1.0005526
ilr.fac1[14,4]  1.0014255  1.0033433
ilr.fac1[15,1]  1.0112950  1.0114674
ilr.fac1[15,2]  1.0051330  1.0168574
ilr.fac1[15,3]  1.0011922  1.0028557
ilr.fac1[15,4]  1.0036864  1.0145369
ilr.fac1[16,1]  1.0041183  1.0086871
ilr.fac1[16,2]  1.0041895  1.0131579
ilr.fac1[16,3]  1.0009634  1.0020003
ilr.fac1[16,4]  1.0010243  1.0012759
ilr.fac1[17,1]  1.0010660  1.0027016
ilr.fac1[17,2]  1.0048344  1.0157872
ilr.fac1[17,3]  1.0047775  1.0154010
ilr.fac1[17,4]  1.0022730  1.0045927
ilr.fac1[18,1]  1.0064636  1.0181266
ilr.fac1[18,2]  1.0011174  1.0041579
ilr.fac1[18,3]  1.0029910  1.0047205
ilr.fac1[18,4]  1.0011994  1.0028722
ilr.fac1[19,1]  1.0034298  1.0042599
ilr.fac1[19,2]  1.0058130  1.0090821
ilr.fac1[19,3]  1.0058171  1.0222956
ilr.fac1[19,4]  1.0066278  1.0248737
ilr.fac1[2,1]   1.0013628  1.0046511
ilr.fac1[2,2]   1.0010002  1.0046142
ilr.fac1[2,3]   1.0010279  1.0038839
ilr.fac1[2,4]   1.0030294  1.0110505
ilr.fac1[20,1]  1.0048608  1.0096413
ilr.fac1[20,2]  1.0013854  1.0035091
ilr.fac1[20,3]  1.0027367  1.0062880
ilr.fac1[20,4]  1.0024565  1.0076965
ilr.fac1[21,1]  1.0007813  1.0017776
ilr.fac1[21,2]  1.0008234  1.0042580
ilr.fac1[21,3]  1.0078047  1.0291800
ilr.fac1[21,4]  1.0027256  1.0082088
ilr.fac1[22,1]  1.0029490  1.0062393
ilr.fac1[22,2]  1.0025706  1.0058231
ilr.fac1[22,3]  1.0098879  1.0286151
ilr.fac1[22,4]  1.0009079  1.0026441
ilr.fac1[23,1]  1.0027062  1.0099241
ilr.fac1[23,2]  1.0018969  1.0063415
ilr.fac1[23,3]  1.0085719  1.0202039
ilr.fac1[23,4]  1.0011063  1.0012243
ilr.fac1[24,1]  1.0020195  1.0041981
ilr.fac1[24,2]  1.0033046  1.0098504
ilr.fac1[24,3]  1.0004007  1.0022506
ilr.fac1[24,4]  1.0006257  1.0013741
ilr.fac1[25,1]  1.0063371  1.0174423
ilr.fac1[25,2]  1.0014656  1.0051395
ilr.fac1[25,3]  1.0006256  1.0035237
ilr.fac1[25,4]  1.0034167  1.0060623
ilr.fac1[26,1]  1.0113735  1.0374151
ilr.fac1[26,2]  1.0181242  1.0607573
ilr.fac1[26,3]  1.0006833  1.0036989
ilr.fac1[26,4]  1.0082316  1.0267679
ilr.fac1[27,1]  1.0037653  1.0125640
ilr.fac1[27,2]  1.0055919  1.0186319
ilr.fac1[27,3]  1.0016733  1.0057786
ilr.fac1[27,4]  1.0015548  1.0029318
ilr.fac1[28,1]  1.0088687  1.0295236
ilr.fac1[28,2]  1.0134602  1.0455112
ilr.fac1[28,3]  1.0029057  1.0098816
ilr.fac1[28,4]  1.0046782  1.0163895
ilr.fac1[29,1]  1.0201003  1.0218875
ilr.fac1[29,2]  1.0022546  1.0025387
ilr.fac1[29,3]  1.0019340  1.0043407
ilr.fac1[29,4]  1.0004815  1.0008771
ilr.fac1[3,1]   1.0014859  1.0056882
ilr.fac1[3,2]   1.0003792  1.0014446
ilr.fac1[3,3]   1.0001735  1.0008480
ilr.fac1[3,4]   1.0019570  1.0079390
ilr.fac1[30,1]  1.0052026  1.0127695
ilr.fac1[30,2]  1.0057228  1.0208124
ilr.fac1[30,3]  1.0049440  1.0158132
ilr.fac1[30,4]  1.0016928  1.0059289
ilr.fac1[31,1]  1.0019335  1.0052104
ilr.fac1[31,2]  1.0005197  1.0008119
ilr.fac1[31,3]  1.0011304  1.0036392
ilr.fac1[31,4]  1.0027219  1.0093573
ilr.fac1[32,1]  1.0011753  1.0045169
ilr.fac1[32,2]  1.0149515  1.0351564
ilr.fac1[32,3]  1.0006136  1.0007102
ilr.fac1[32,4]  1.0009658  1.0043355
ilr.fac1[33,1]  1.0015140  1.0038769
ilr.fac1[33,2]  1.0024388  1.0046080
ilr.fac1[33,3]  1.0012644  1.0012690
ilr.fac1[33,4]  1.0025269  1.0073676
ilr.fac1[34,1]  1.0025345  1.0035265
ilr.fac1[34,2]  1.0067146  1.0173326
ilr.fac1[34,3]  1.0013904  1.0021637
ilr.fac1[34,4]  1.0261097  1.0898333
ilr.fac1[35,1]  1.0043507  1.0099004
ilr.fac1[35,2]  0.9998828  1.0002804
ilr.fac1[35,3]  1.0015837  1.0052747
ilr.fac1[35,4]  1.0000120  1.0010461
ilr.fac1[36,1]  1.0073572  1.0238371
ilr.fac1[36,2]  1.0030486  1.0108841
ilr.fac1[36,3]  1.0008853  1.0025640
ilr.fac1[36,4]  1.0068479  1.0185628
ilr.fac1[37,1]  1.0045636  1.0143723
ilr.fac1[37,2]  1.0001772  1.0019726
ilr.fac1[37,3]  1.0015213  1.0022610
ilr.fac1[37,4]  1.0049238  1.0053047
ilr.fac1[38,1]  1.0030423  1.0074173
ilr.fac1[38,2]  1.0021052  1.0031633
ilr.fac1[38,3]  1.0009653  1.0030216
ilr.fac1[38,4]  1.0032126  1.0067018
ilr.fac1[39,1]  1.0078861  1.0284271
ilr.fac1[39,2]  1.0004029  1.0014632
ilr.fac1[39,3]  1.0013851  1.0026457
ilr.fac1[39,4]  1.0008451  1.0019334
ilr.fac1[4,1]   1.0032289  1.0085005
ilr.fac1[4,2]   1.0010257  1.0043338
ilr.fac1[4,3]   1.0019403  1.0068466
ilr.fac1[4,4]   1.0080298  1.0286187
ilr.fac1[40,1]  1.0094230  1.0204276
ilr.fac1[40,2]  1.0057059  1.0144480
ilr.fac1[40,3]  1.0005925  1.0026899
ilr.fac1[40,4]  1.0006194  1.0006608
ilr.fac1[41,1]  1.0006158  1.0024176
ilr.fac1[41,2]  1.0053848  1.0128133
ilr.fac1[41,3]  1.0003218  1.0016061
ilr.fac1[41,4]  1.0026610  1.0067201
ilr.fac1[42,1]  1.0043336  1.0070712
ilr.fac1[42,2]  1.0032439  1.0116419
ilr.fac1[42,3]  1.0004622  1.0028383
ilr.fac1[42,4]  1.0007629  1.0019601
ilr.fac1[43,1]  1.0135179  1.0273434
ilr.fac1[43,2]  1.0067068  1.0178686
ilr.fac1[43,3]  1.0012643  1.0032734
ilr.fac1[43,4]  1.0011735  1.0018723
ilr.fac1[44,1]  1.0047821  1.0050326
ilr.fac1[44,2]  1.0149076  1.0163553
ilr.fac1[44,3]  1.0021086  1.0068899
ilr.fac1[44,4]  1.0022401  1.0049804
ilr.fac1[45,1]  1.0066738  1.0091506
ilr.fac1[45,2]  1.0023309  1.0064029
ilr.fac1[45,3]  1.0020792  1.0043402
ilr.fac1[45,4]  1.0042456  1.0054708
ilr.fac1[46,1]  1.0064937  1.0212374
ilr.fac1[46,2]  1.0052168  1.0175879
ilr.fac1[46,3]  1.0047715  1.0135247
ilr.fac1[46,4]  1.0034756  1.0081941
ilr.fac1[47,1]  1.0034068  1.0075897
ilr.fac1[47,2]  1.0004420  1.0012348
ilr.fac1[47,3]  1.0006239  1.0009269
ilr.fac1[47,4]  1.0158162  1.0440078
ilr.fac1[48,1]  1.0033998  1.0075107
ilr.fac1[48,2]  1.0038757  1.0136186
ilr.fac1[48,3]  1.0008982  1.0035124
ilr.fac1[48,4]  1.0005771  1.0032136
ilr.fac1[49,1]  1.0024203  1.0031248
ilr.fac1[49,2]  1.0007138  1.0011258
ilr.fac1[49,3]  1.0009938  1.0048300
ilr.fac1[49,4]  1.0018764  1.0039161
ilr.fac1[5,1]   1.0026134  1.0036993
ilr.fac1[5,2]   1.0026491  1.0104973
ilr.fac1[5,3]   1.0144271  1.0486283
ilr.fac1[5,4]   1.0010784  1.0021219
ilr.fac1[50,1]  1.0190276  1.0335882
ilr.fac1[50,2]  1.0006686  1.0009472
ilr.fac1[50,3]  1.0032664  1.0116833
ilr.fac1[50,4]  1.0023379  1.0046039
ilr.fac1[51,1]  1.0086138  1.0248204
ilr.fac1[51,2]  1.0147806  1.0389375
ilr.fac1[51,3]  1.0009384  1.0020748
ilr.fac1[51,4]  0.9998173  1.0000520
ilr.fac1[52,1]  1.0014724  1.0024954
ilr.fac1[52,2]  1.0053478  1.0186480
ilr.fac1[52,3]  1.0063666  1.0198235
ilr.fac1[52,4]  1.0002130  1.0015236
ilr.fac1[53,1]  1.0020245  1.0079361
ilr.fac1[53,2]  1.0063136  1.0209729
ilr.fac1[53,3]  1.0018755  1.0065387
ilr.fac1[53,4]  1.0096471  1.0238368
ilr.fac1[54,1]  1.0065957  1.0194842
ilr.fac1[54,2]  1.0023891  1.0050896
ilr.fac1[54,3]  1.0006936  1.0014691
ilr.fac1[54,4]  1.0019945  1.0036430
ilr.fac1[55,1]  1.0071105  1.0202017
ilr.fac1[55,2]  1.0062379  1.0182758
ilr.fac1[55,3]  1.0015089  1.0031805
ilr.fac1[55,4]  1.0021738  1.0034972
ilr.fac1[6,1]   1.0002523  1.0022445
ilr.fac1[6,2]   1.0007832  1.0038336
ilr.fac1[6,3]   1.0038406  1.0140517
ilr.fac1[6,4]   1.0044539  1.0167315
ilr.fac1[7,1]   1.0068052  1.0173627
ilr.fac1[7,2]   1.0014440  1.0025391
ilr.fac1[7,3]   1.0019533  1.0062846
ilr.fac1[7,4]   1.0001623  1.0014555
ilr.fac1[8,1]   1.0031131  1.0082996
ilr.fac1[8,2]   1.0030631  1.0083781
ilr.fac1[8,3]   0.9999918  1.0003298
ilr.fac1[8,4]   1.0031378  1.0086442
ilr.fac1[9,1]   0.9999108  1.0005721
ilr.fac1[9,2]   1.0015228  1.0021138
ilr.fac1[9,3]   1.0016424  1.0049777
ilr.fac1[9,4]   1.0099077  1.0215457
loglik[1]       1.0027047  1.0080116
loglik[10]      1.0020415  1.0045014
loglik[100]     1.0007848  1.0041833
loglik[101]     1.0007624  1.0039822
loglik[102]     1.0022383  1.0086533
loglik[103]     1.0008196  1.0009234
loglik[104]     1.0006521  1.0009918
loglik[105]     1.0001241  1.0010166
loglik[106]     1.0008986  1.0029315
loglik[107]     1.0015847  1.0029575
loglik[108]     1.0012031  1.0039764
loglik[109]     1.0002106  1.0004963
loglik[11]      1.0003567  1.0022310
loglik[110]     1.0005100  1.0011959
loglik[111]     1.0019386  1.0034862
loglik[112]     1.0004090  1.0016213
loglik[113]     1.0015378  1.0056445
loglik[114]     1.0019672  1.0085007
loglik[115]     1.0008441  1.0036393
loglik[116]     1.0035140  1.0089792
loglik[117]     1.0011950  1.0035378
loglik[118]     1.0010625  1.0037266
loglik[119]     1.0007511  1.0008815
loglik[12]      1.0010519  1.0040093
loglik[120]     1.0017775  1.0019133
loglik[121]     1.0010877  1.0032595
loglik[122]     0.9996312  0.9996811
loglik[123]     1.0019737  1.0057631
loglik[124]     1.0021284  1.0056142
loglik[125]     0.9997698  1.0004493
loglik[126]     1.0007730  1.0017154
loglik[127]     1.0036696  1.0143602
loglik[128]     1.0035678  1.0142160
loglik[129]     1.0012970  1.0024188
loglik[13]      1.0029533  1.0116730
loglik[130]     1.0016498  1.0019536
loglik[131]     1.0039432  1.0116456
loglik[132]     1.0038325  1.0112271
loglik[133]     1.0001953  1.0012755
loglik[134]     1.0006247  1.0034053
loglik[135]     1.0037692  1.0095487
loglik[136]     1.0005629  1.0017784
loglik[137]     1.0017116  1.0041089
loglik[138]     1.0023450  1.0037533
loglik[139]     0.9999614  1.0001330
loglik[14]      1.0005805  1.0026841
loglik[140]     0.9999093  1.0000604
loglik[141]     1.0034068  1.0067504
loglik[142]     1.0010489  1.0051790
loglik[143]     0.9996763  1.0001325
loglik[144]     0.9997757  1.0000757
loglik[145]     1.0008473  1.0043110
loglik[146]     1.0019476  1.0056540
loglik[147]     1.0005014  1.0011776
loglik[148]     1.0005652  1.0021897
loglik[149]     1.0022595  1.0067419
loglik[15]      0.9998445  1.0006414
loglik[150]     1.0017311  1.0064638
loglik[151]     1.0025512  1.0088630
loglik[152]     1.0006318  1.0030484
loglik[153]     1.0003625  1.0023957
loglik[154]     1.0023306  1.0072373
loglik[155]     1.0006579  1.0019594
loglik[156]     1.0005756  1.0018530
loglik[157]     0.9995882  0.9998067
loglik[16]      1.0011059  1.0050689
loglik[17]      1.0002945  1.0004019
loglik[18]      1.0019309  1.0033469
loglik[19]      0.9997915  1.0001655
loglik[2]       1.0000351  1.0001586
loglik[20]      1.0040241  1.0150393
loglik[21]      1.0008731  1.0024936
loglik[22]      1.0007747  1.0029901
loglik[23]      0.9998345  0.9999362
loglik[24]      0.9998654  1.0001131
loglik[25]      1.0001607  1.0016695
loglik[26]      1.0014862  1.0049586
loglik[27]      1.0005121  1.0014360
loglik[28]      0.9999705  0.9999954
loglik[29]      0.9999813  1.0010252
loglik[3]       0.9999636  1.0009112
loglik[30]      1.0010073  1.0017011
loglik[31]      1.0092209  1.0149233
loglik[32]      1.0036940  1.0053306
loglik[33]      1.0011193  1.0029393
loglik[34]      1.0016528  1.0069793
loglik[35]      1.0017016  1.0061700
loglik[36]      1.0003569  1.0023568
loglik[37]      1.0081710  1.0155722
loglik[38]      1.0003698  1.0007274
loglik[39]      0.9998572  1.0003411
loglik[4]       1.0001043  1.0015160
loglik[40]      1.0029184  1.0036221
loglik[41]      1.0025998  1.0040000
loglik[42]      1.0006424  1.0027746
loglik[43]      1.0007606  1.0029493
loglik[44]      1.0006764  1.0007173
loglik[45]      1.0039837  1.0117343
loglik[46]      1.0008674  1.0026698
loglik[47]      1.0010687  1.0029862
loglik[48]      1.0028190  1.0095060
loglik[49]      1.0003294  1.0016268
loglik[5]       0.9999427  1.0007308
loglik[50]      1.0014976  1.0049834
loglik[51]      0.9998331  0.9999046
loglik[52]      1.0005599  1.0024430
loglik[53]      1.0009530  1.0038315
loglik[54]      1.0027984  1.0095756
loglik[55]      1.0025679  1.0069915
loglik[56]      1.0157786  1.0502680
loglik[57]      1.0087754  1.0274038
loglik[58]      1.0183338  1.0597858
loglik[59]      1.0011671  1.0013455
loglik[6]       1.0004120  1.0013838
loglik[60]      1.0014372  1.0040415
loglik[61]      1.0011633  1.0030641
loglik[62]      1.0032131  1.0093040
loglik[63]      1.0013882  1.0033745
loglik[64]      1.0004779  1.0016988
loglik[65]      1.0005377  1.0019409
loglik[66]      0.9998769  1.0000343
loglik[67]      1.0009700  1.0036464
loglik[68]      1.0015605  1.0047935
loglik[69]      1.0017254  1.0031248
loglik[7]       1.0061330  1.0228919
loglik[70]      1.0012615  1.0039936
loglik[71]      1.0014941  1.0042268
loglik[72]      1.0000576  1.0006885
loglik[73]      1.0007072  1.0010345
loglik[74]      1.0001006  1.0017025
loglik[75]      1.0012271  1.0049074
loglik[76]      1.0019002  1.0064152
loglik[77]      1.0013898  1.0054971
loglik[78]      1.0051950  1.0148359
loglik[79]      1.0027684  1.0067627
loglik[8]       0.9996613  0.9998015
loglik[80]      1.0009543  1.0018929
loglik[81]      1.0017933  1.0033312
loglik[82]      0.9997396  1.0000686
loglik[83]      1.0051120  1.0135528
loglik[84]      1.0002986  1.0008565
loglik[85]      1.0002520  1.0017256
loglik[86]      1.0001476  1.0014301
loglik[87]      1.0028380  1.0111942
loglik[88]      1.0038475  1.0144890
loglik[89]      1.0046291  1.0147116
loglik[9]       1.0016778  1.0053727
loglik[90]      0.9995450  0.9996276
loglik[91]      1.0023452  1.0037814
loglik[92]      1.0005576  1.0015470
loglik[93]      1.0001024  1.0011473
loglik[94]      1.0007633  1.0034183
loglik[95]      1.0028585  1.0080674
loglik[96]      1.0001604  1.0018920
loglik[97]      1.0013364  1.0051418
loglik[98]      1.0025659  1.0092433
loglik[99]      1.0019543  1.0058589
p.fac1[1,1]     1.0056791  1.0122515
p.fac1[1,2]     1.0023654  1.0091930
p.fac1[1,3]     1.0027354  1.0110866
p.fac1[1,4]     1.0019906  1.0029661
p.fac1[1,5]     1.0000185  1.0013475
p.fac1[10,1]    1.0311270  1.0573867
p.fac1[10,2]    1.0005112  1.0012715
p.fac1[10,3]    1.0003011  1.0008425
p.fac1[10,4]    1.0663515  1.1047675
p.fac1[10,5]    1.0121732  1.0340167
p.fac1[11,1]    1.0014518  1.0066515
p.fac1[11,2]    1.0014156  1.0063199
p.fac1[11,3]    1.0030763  1.0104709
p.fac1[11,4]    1.0011832  1.0046620
p.fac1[11,5]    0.9997600  1.0003804
p.fac1[12,1]    1.0010881  1.0051251
p.fac1[12,2]    1.0018240  1.0073773
p.fac1[12,3]    1.0014900  1.0066873
p.fac1[12,4]    1.0016948  1.0063289
p.fac1[12,5]    1.0008023  1.0037873
p.fac1[13,1]    1.0006428  1.0031566
p.fac1[13,2]    1.0081649  1.0301771
p.fac1[13,3]    1.0013566  1.0047634
p.fac1[13,4]    1.0022954  1.0080551
p.fac1[13,5]    1.0078145  1.0238938
p.fac1[14,1]    1.0022614  1.0063747
p.fac1[14,2]    1.0029746  1.0119506
p.fac1[14,3]    1.0057323  1.0219394
p.fac1[14,4]    1.0016003  1.0057669
p.fac1[14,5]    1.0049820  1.0176198
p.fac1[15,1]    1.0055135  1.0184476
p.fac1[15,2]    1.0054692  1.0197244
p.fac1[15,3]    1.0029660  1.0098952
p.fac1[15,4]    1.0080316  1.0251123
p.fac1[15,5]    1.0059854  1.0205117
p.fac1[16,1]    1.0053683  1.0120099
p.fac1[16,2]    1.0062649  1.0205846
p.fac1[16,3]    1.0025053  1.0087463
p.fac1[16,4]    1.0019988  1.0057149
p.fac1[16,5]    1.0044226  1.0123954
p.fac1[17,1]    1.0001995  1.0007720
p.fac1[17,2]    1.0039234  1.0151853
p.fac1[17,3]    1.0007820  1.0036436
p.fac1[17,4]    1.0032428  1.0088955
p.fac1[17,5]    1.0025965  1.0066657
p.fac1[18,1]    1.0044585  1.0146524
p.fac1[18,2]    1.0015796  1.0047701
p.fac1[18,3]    1.0038133  1.0069543
p.fac1[18,4]    1.0052306  1.0096887
p.fac1[18,5]    1.0055060  1.0162313
p.fac1[19,1]    1.0064646  1.0242948
p.fac1[19,2]    1.0053576  1.0167594
p.fac1[19,3]    1.0038351  1.0123123
p.fac1[19,4]    1.0144676  1.0421538
p.fac1[19,5]    0.9999301  0.9999446
p.fac1[2,1]     1.0019351  1.0082443
p.fac1[2,2]     1.0059081  1.0194845
p.fac1[2,3]     1.0032822  1.0111897
p.fac1[2,4]     1.0068000  1.0178040
p.fac1[2,5]     1.0002865  1.0023323
p.fac1[20,1]    1.0008213  1.0036342
p.fac1[20,2]    1.0054994  1.0212156
p.fac1[20,3]    1.0017133  1.0061227
p.fac1[20,4]    1.0015999  1.0066699
p.fac1[20,5]    1.0031446  1.0086567
p.fac1[21,1]    1.0050993  1.0175677
p.fac1[21,2]    1.0082638  1.0173461
p.fac1[21,3]    1.0032990  1.0096567
p.fac1[21,4]    1.0075860  1.0277879
p.fac1[21,5]    1.0008597  1.0019541
p.fac1[22,1]    1.0017173  1.0066568
p.fac1[22,2]    1.0003893  1.0012578
p.fac1[22,3]    1.0007172  1.0035462
p.fac1[22,4]    1.0040170  1.0130588
p.fac1[22,5]    1.0009336  1.0044061
p.fac1[23,1]    1.0011501  1.0032538
p.fac1[23,2]    1.0018001  1.0070639
p.fac1[23,3]    1.0003540  1.0010581
p.fac1[23,4]    1.0016760  1.0062137
p.fac1[23,5]    1.0093192  1.0169439
p.fac1[24,1]    1.0015863  1.0067612
p.fac1[24,2]    1.0014297  1.0044684
p.fac1[24,3]    1.0025855  1.0101111
p.fac1[24,4]    1.0015167  1.0039926
p.fac1[24,5]    1.0048112  1.0122435
p.fac1[25,1]    1.0026345  1.0109467
p.fac1[25,2]    1.0015624  1.0063546
p.fac1[25,3]    1.0006276  1.0033180
p.fac1[25,4]    1.0016269  1.0044197
p.fac1[25,5]    1.0011981  1.0043001
p.fac1[26,1]    1.0005299  1.0023086
p.fac1[26,2]    1.0341319  1.0859829
p.fac1[26,3]    1.0235147  1.0760004
p.fac1[26,4]    1.0031004  1.0048348
p.fac1[26,5]    1.0251783  1.0766417
p.fac1[27,1]    1.0059990  1.0170086
p.fac1[27,2]    1.0007261  1.0034877
p.fac1[27,3]    1.0023258  1.0092480
p.fac1[27,4]    1.0088086  1.0204524
p.fac1[27,5]    1.0096808  1.0301547
p.fac1[28,1]    1.0060045  1.0227048
p.fac1[28,2]    1.0140356  1.0359103
p.fac1[28,3]    1.0158308  1.0523428
p.fac1[28,4]    1.0077818  1.0203326
p.fac1[28,5]    1.0197898  1.0631106
p.fac1[29,1]    1.0086260  1.0226851
p.fac1[29,2]    1.0017994  1.0056483
p.fac1[29,3]    1.0021926  1.0065325
p.fac1[29,4]    1.0097412  1.0208678
p.fac1[29,5]    1.0051934  1.0177046
p.fac1[3,1]     1.0003730  1.0022886
p.fac1[3,2]     1.0021206  1.0084924
p.fac1[3,3]     1.0036391  1.0098089
p.fac1[3,4]     1.0012678  1.0043268
p.fac1[3,5]     1.0016297  1.0067996
p.fac1[30,1]    1.0009478  1.0041411
p.fac1[30,2]    1.0081556  1.0306369
p.fac1[30,3]    1.0075100  1.0271147
p.fac1[30,4]    1.0119873  1.0131768
p.fac1[30,5]    1.0016418  1.0039839
p.fac1[31,1]    1.0006320  1.0017292
 [ reached getOption("max.print") -- omitted 161 rows ]

################################################################################
# Geweke Diagnostic
################################################################################

The Geweke diagnostic is a standard z-score, so we'd expect 5% to be outside +/-1.96
Number of variables outside +/-1.96 in each chain (out of 
661
):


       Chain 1 Chain 2 Chain 3
Geweke     129     100      79


And here are the Geweke diagnostics for all variables:

               chain1 chain2 chain3
deviance       -1.971  0.027  0.683
fac1.sig       -0.702  3.350 -0.265
ilr.fac1[1,1]   1.746 -0.795  1.245
ilr.fac1[1,2]   0.461  1.318 -2.013
ilr.fac1[1,3]  -1.699  2.504  0.539
ilr.fac1[1,4]  -2.283 -0.666  0.919
ilr.fac1[10,1] -0.365 -0.051  0.139
ilr.fac1[10,2] -0.894  0.536 -1.416
ilr.fac1[10,3] -0.634  0.998  0.237
ilr.fac1[10,4]  0.803 -2.662  0.897
ilr.fac1[11,1] -2.359  1.598  1.039
ilr.fac1[11,2]  1.030 -1.386 -0.166
ilr.fac1[11,3] -0.299  0.990 -0.656
ilr.fac1[11,4] -2.701  1.170  1.546
ilr.fac1[12,1] -1.580  0.655 -0.749
ilr.fac1[12,2]  0.539  1.228  0.130
ilr.fac1[12,3] -0.423 -0.802  0.576
ilr.fac1[12,4] -1.023 -1.930  1.312
ilr.fac1[13,1]  1.941 -1.266  1.279
ilr.fac1[13,2] -1.782  1.568 -0.083
ilr.fac1[13,3] -0.806  1.867  0.589
ilr.fac1[13,4]  0.239 -1.820  0.820
ilr.fac1[14,1] -0.281  0.926  1.957
ilr.fac1[14,2] -1.207  0.079 -2.522
ilr.fac1[14,3]  0.082  1.786 -0.754
ilr.fac1[14,4] -0.071 -0.078  1.947
ilr.fac1[15,1]  0.486 -1.338  1.230
ilr.fac1[15,2] -1.196  2.967 -0.539
ilr.fac1[15,3] -2.489  0.377  1.307
ilr.fac1[15,4] -0.846 -1.031  2.076
ilr.fac1[16,1]  0.040 -1.040  1.513
ilr.fac1[16,2] -2.235  2.383  0.064
ilr.fac1[16,3] -0.521  1.927  0.875
ilr.fac1[16,4] -0.315 -2.106  2.155
ilr.fac1[17,1]  3.297 -1.722  1.711
ilr.fac1[17,2] -0.308  1.329 -0.692
ilr.fac1[17,3]  0.582  0.103 -0.807
ilr.fac1[17,4] -0.391 -0.075  0.892
ilr.fac1[18,1]  0.070 -0.704  0.917
ilr.fac1[18,2]  0.241  1.258 -1.512
ilr.fac1[18,3] -0.434  1.942 -0.459
ilr.fac1[18,4] -0.763 -1.237  0.338
ilr.fac1[19,1] -1.075 -1.754  0.096
ilr.fac1[19,2]  1.839 -1.300  0.563
ilr.fac1[19,3]  1.708 -1.712  0.001
ilr.fac1[19,4] -2.172 -1.228  0.630
ilr.fac1[2,1]   3.544 -3.001 -0.199
ilr.fac1[2,2]  -1.148  0.284 -0.046
ilr.fac1[2,3]   0.579 -0.437 -1.933
ilr.fac1[2,4]   0.314  0.333 -0.039
ilr.fac1[20,1]  1.012  0.123  2.412
ilr.fac1[20,2] -0.290  1.090 -0.200
ilr.fac1[20,3] -0.407 -0.436 -1.163
ilr.fac1[20,4] -0.591  1.584  1.146
ilr.fac1[21,1]  0.735 -0.121  1.226
ilr.fac1[21,2] -2.211  1.192 -2.254
ilr.fac1[21,3]  0.024 -0.206 -1.408
ilr.fac1[21,4]  0.876  1.048  0.288
ilr.fac1[22,1]  1.053  0.543 -0.058
ilr.fac1[22,2] -1.792  1.677 -0.950
ilr.fac1[22,3] -0.395  1.052 -1.288
ilr.fac1[22,4] -0.690  0.213 -0.611
ilr.fac1[23,1] -0.613  0.510  0.265
ilr.fac1[23,2]  0.068  2.474 -1.567
ilr.fac1[23,3] -0.211 -0.763 -0.972
ilr.fac1[23,4] -1.097  0.600  0.281
ilr.fac1[24,1] -0.717  1.799  0.752
ilr.fac1[24,2] -3.073 -0.116 -0.765
ilr.fac1[24,3] -0.112  0.876  0.829
ilr.fac1[24,4]  0.516  1.892  1.665
ilr.fac1[25,1]  2.283 -3.071  0.166
ilr.fac1[25,2] -1.200  0.171 -1.574
ilr.fac1[25,3]  0.438  1.388  0.119
ilr.fac1[25,4] -0.677 -1.037 -0.415
ilr.fac1[26,1] -2.597  0.601 -0.626
ilr.fac1[26,2]  0.705 -1.406  0.492
ilr.fac1[26,3] -0.195 -0.332 -0.369
ilr.fac1[26,4] -1.360  0.389 -0.608
ilr.fac1[27,1] -0.926  0.448  0.451
ilr.fac1[27,2] -2.250  0.727 -1.677
ilr.fac1[27,3] -0.805  1.553 -0.365
ilr.fac1[27,4]  0.365  0.362  0.649
ilr.fac1[28,1]  0.517  2.893  0.288
ilr.fac1[28,2] -2.915 -1.354 -0.860
ilr.fac1[28,3] -1.718  1.131 -0.036
ilr.fac1[28,4]  1.164  1.483  0.848
ilr.fac1[29,1]  1.089  0.529  0.889
ilr.fac1[29,2] -2.165 -0.060 -1.058
ilr.fac1[29,3]  1.355 -0.474 -0.953
ilr.fac1[29,4]  1.652 -0.101 -0.693
ilr.fac1[3,1]   1.667 -1.693  1.800
ilr.fac1[3,2]  -0.886 -0.388  0.619
ilr.fac1[3,3]   0.005 -0.824  0.480
ilr.fac1[3,4]   0.563 -0.682  1.847
ilr.fac1[30,1]  0.540 -3.440  0.844
ilr.fac1[30,2] -0.058 -0.166 -0.366
ilr.fac1[30,3] -1.595  3.076 -1.746
ilr.fac1[30,4] -0.410  0.059 -1.212
ilr.fac1[31,1] -0.976  1.376  0.247
ilr.fac1[31,2]  0.202  0.787 -0.455
ilr.fac1[31,3]  0.684 -1.365 -0.436
ilr.fac1[31,4] -2.027 -0.876  0.659
ilr.fac1[32,1]  1.097 -0.549  1.835
ilr.fac1[32,2] -3.553  0.460 -2.211
ilr.fac1[32,3] -1.158 -0.273 -0.108
ilr.fac1[32,4]  2.611  1.804 -0.273
ilr.fac1[33,1]  3.267 -1.169  0.938
ilr.fac1[33,2] -0.403  3.240 -1.954
ilr.fac1[33,3]  0.367  0.155 -0.606
ilr.fac1[33,4]  1.029 -0.589  3.348
ilr.fac1[34,1]  0.890 -0.728  1.548
ilr.fac1[34,2] -1.940  1.621  0.747
ilr.fac1[34,3]  0.363 -1.662  0.405
ilr.fac1[34,4] -0.256 -2.926  1.328
ilr.fac1[35,1] -0.868  1.074  2.481
ilr.fac1[35,2] -2.186  0.013 -2.219
ilr.fac1[35,3] -0.917 -0.065 -0.733
ilr.fac1[35,4] -1.981  1.184  1.060
ilr.fac1[36,1] -2.729  0.332  0.368
ilr.fac1[36,2] -0.045  0.565 -1.547
ilr.fac1[36,3] -0.663  1.849  0.957
ilr.fac1[36,4] -1.383  0.551  1.324
ilr.fac1[37,1] -0.508  1.322  1.011
ilr.fac1[37,2] -1.350  0.111 -2.483
ilr.fac1[37,3]  1.265  1.349 -0.619
ilr.fac1[37,4] -1.160 -0.288 -0.217
ilr.fac1[38,1]  2.987 -1.673  0.460
ilr.fac1[38,2] -2.289  1.312 -0.453
ilr.fac1[38,3] -1.647  1.062 -1.395
ilr.fac1[38,4] -0.231 -0.167 -1.639
ilr.fac1[39,1]  1.012  1.175  0.595
ilr.fac1[39,2] -4.710 -0.120 -0.585
ilr.fac1[39,3]  1.222  1.428 -0.469
ilr.fac1[39,4] -0.434  0.196 -1.213
ilr.fac1[4,1]   1.173 -0.824  0.805
ilr.fac1[4,2]  -1.045  0.482 -2.101
ilr.fac1[4,3]  -1.714  0.217 -1.302
ilr.fac1[4,4]   0.033 -0.648  2.100
ilr.fac1[40,1]  1.939 -1.306  2.974
ilr.fac1[40,2] -1.327  1.454  0.434
ilr.fac1[40,3] -2.317  1.731  1.065
ilr.fac1[40,4] -0.632 -1.698 -1.519
ilr.fac1[41,1]  1.807 -1.781  1.124
ilr.fac1[41,2] -1.930  1.483 -2.571
ilr.fac1[41,3] -0.310 -0.967  1.593
ilr.fac1[41,4]  0.418 -0.964 -0.101
ilr.fac1[42,1] -0.744  0.451  1.634
ilr.fac1[42,2] -2.233  1.699 -0.866
ilr.fac1[42,3]  1.712  0.354  1.712
ilr.fac1[42,4]  0.549 -1.874  2.081
ilr.fac1[43,1]  0.232 -2.151  0.920
ilr.fac1[43,2] -1.751  1.701 -1.383
ilr.fac1[43,3]  0.482  0.256  0.259
ilr.fac1[43,4] -1.717 -1.953  0.181
ilr.fac1[44,1] -1.472  0.694  0.519
ilr.fac1[44,2]  0.308 -1.656 -2.125
ilr.fac1[44,3]  1.190 -1.208 -1.463
ilr.fac1[44,4] -1.333  0.969 -0.128
ilr.fac1[45,1]  0.661 -2.760  0.764
ilr.fac1[45,2]  0.221 -0.906  1.052
ilr.fac1[45,3]  0.053 -1.463  1.155
ilr.fac1[45,4]  0.667 -3.227 -0.510
ilr.fac1[46,1]  0.032  1.573 -1.630
ilr.fac1[46,2] -1.940 -1.279  0.956
ilr.fac1[46,3]  2.020  1.396 -0.846
ilr.fac1[46,4]  1.647 -0.303 -0.610
ilr.fac1[47,1]  0.651  0.635  0.537
ilr.fac1[47,2] -1.014  1.245 -0.930
ilr.fac1[47,3]  1.585  0.915  1.065
ilr.fac1[47,4]  0.325 -3.326  1.728
ilr.fac1[48,1]  0.820 -1.996  0.473
ilr.fac1[48,2] -0.843  3.410 -1.116
ilr.fac1[48,3] -1.185  0.568  0.375
ilr.fac1[48,4] -0.357 -1.251  0.385
ilr.fac1[49,1]  2.372 -1.584  2.223
ilr.fac1[49,2]  0.257 -0.109 -2.008
ilr.fac1[49,3]  1.991 -0.942  2.579
ilr.fac1[49,4] -0.081 -0.044 -0.380
ilr.fac1[5,1]   0.714 -1.025  2.137
ilr.fac1[5,2]  -3.625  0.859 -1.591
ilr.fac1[5,3]  -0.123 -1.073 -2.012
ilr.fac1[5,4]  -0.074  0.222  0.314
ilr.fac1[50,1]  2.241 -3.954  1.439
ilr.fac1[50,2] -1.851 -0.411 -2.030
ilr.fac1[50,3] -0.034 -2.453  0.239
ilr.fac1[50,4]  1.799 -1.665  0.960
ilr.fac1[51,1]  2.340 -1.708  1.236
ilr.fac1[51,2] -3.684  0.077 -2.876
ilr.fac1[51,3]  1.072 -0.144 -1.567
ilr.fac1[51,4]  0.995  0.999  0.870
ilr.fac1[52,1]  2.193 -2.141  0.489
ilr.fac1[52,2] -0.830  1.485 -3.184
ilr.fac1[52,3] -1.053  1.210 -0.792
ilr.fac1[52,4]  0.362 -1.402  1.004
ilr.fac1[53,1]  1.689  1.668 -0.307
ilr.fac1[53,2] -4.888 -1.512 -1.216
ilr.fac1[53,3]  1.268  1.244  0.517
ilr.fac1[53,4]  1.188  1.304  1.722
ilr.fac1[54,1] -0.403  1.173 -1.708
ilr.fac1[54,2] -3.630  3.053 -0.572
ilr.fac1[54,3] -0.201  1.372 -1.604
ilr.fac1[54,4] -0.299 -0.995 -0.164
ilr.fac1[55,1]  0.948 -1.241  1.785
ilr.fac1[55,2] -3.161  1.313 -2.547
ilr.fac1[55,3]  0.128  1.819 -1.326
ilr.fac1[55,4] -0.116  0.252  1.508
ilr.fac1[6,1]   0.362 -2.431  0.672
ilr.fac1[6,2]  -0.800  1.162  0.754
ilr.fac1[6,3]  -0.513  2.216 -1.819
ilr.fac1[6,4]  -0.917 -0.587 -1.845
ilr.fac1[7,1]   1.525 -2.625  0.901
ilr.fac1[7,2]   1.424  0.205 -0.292
ilr.fac1[7,3]  -1.195 -0.665 -0.638
ilr.fac1[7,4]  -1.064  0.044 -0.926
ilr.fac1[8,1]  -1.731  2.402 -1.916
ilr.fac1[8,2]  -1.256  1.722  0.610
ilr.fac1[8,3]   0.965 -0.970  2.143
ilr.fac1[8,4]   0.198 -2.123  0.638
ilr.fac1[9,1]  -1.764  1.870 -1.638
ilr.fac1[9,2]   0.168 -0.868 -0.222
ilr.fac1[9,3]  -0.088  0.500 -1.577
ilr.fac1[9,4]  -1.727  0.006  0.410
loglik[1]      -1.100  0.009 -0.647
loglik[10]     -0.113 -0.510 -0.948
loglik[100]    -0.423 -0.831  0.608
loglik[101]    -1.320  0.074  0.149
loglik[102]    -1.437 -0.239  0.895
loglik[103]    -0.013 -0.116  0.368
loglik[104]     0.329 -0.363  0.185
loglik[105]     0.464  0.036 -0.452
loglik[106]     2.425 -0.702  0.950
loglik[107]     0.501  1.345  0.768
loglik[108]     2.019  1.295 -0.102
loglik[109]     1.190  0.555 -0.292
loglik[11]     -0.947  1.481 -1.239
loglik[110]     0.886  0.089  0.144
loglik[111]    -0.723 -0.296 -0.141
loglik[112]    -0.078 -0.037 -0.119
loglik[113]    -2.107 -1.000  0.396
loglik[114]     0.388 -1.176  1.116
loglik[115]     1.208 -1.051  1.956
loglik[116]     0.081 -1.232  0.993
loglik[117]    -1.015 -0.267  0.422
loglik[118]     0.042 -0.332 -1.559
loglik[119]     1.110 -0.011 -0.263
loglik[12]     -1.351 -0.616  0.293
loglik[120]     1.164 -0.216 -0.667
loglik[121]    -0.399 -0.758 -0.408
loglik[122]    -0.239  0.047 -0.467
loglik[123]    -0.713  0.490 -1.038
loglik[124]     0.171  0.335 -1.161
loglik[125]     1.061 -0.889 -0.852
loglik[126]     1.285  0.753  0.201
loglik[127]     0.656 -0.386 -1.495
loglik[128]     0.689 -0.431 -1.378
loglik[129]     1.182 -0.513 -0.552
loglik[13]      0.419 -1.509  3.589
loglik[130]    -0.295 -0.369  0.559
loglik[131]     1.772 -0.371  1.068
loglik[132]     2.192 -0.416  0.852
loglik[133]     0.493 -0.087  1.165
loglik[134]    -0.574  0.117 -0.210
loglik[135]     0.282  1.127  0.535
loglik[136]    -0.897  1.700  1.347
loglik[137]     0.501  0.128 -1.407
loglik[138]     0.638  0.500 -0.430
loglik[139]     1.336  2.422 -0.860
loglik[14]      0.572 -1.746  1.772
loglik[140]     1.115  2.389 -0.964
loglik[141]     1.207  0.194  0.763
loglik[142]     2.463  0.070  1.242
loglik[143]    -1.118 -0.623 -0.519
loglik[144]    -1.220 -0.618 -1.107
loglik[145]    -0.272  1.381 -1.906
loglik[146]     0.991 -0.120 -2.288
loglik[147]    -0.541 -1.243 -1.268
loglik[148]    -0.514 -0.953 -0.900
loglik[149]     2.023  1.596 -1.334
loglik[15]      0.199 -1.139  2.026
loglik[150]     0.942 -1.439  1.025
loglik[151]     0.939 -1.690  0.870
loglik[152]    -0.288 -0.065 -1.492
loglik[153]     2.686  0.433  0.256
loglik[154]     1.005 -0.250 -1.077
loglik[155]     0.245 -0.867 -0.096
loglik[156]    -0.795  1.461 -1.326
loglik[157]    -0.061  1.311 -0.155
loglik[16]      1.303 -0.483  0.117
loglik[17]      1.306 -1.016 -1.639
loglik[18]      0.019 -1.109  2.055
loglik[19]      0.700  0.476 -0.767
loglik[2]      -0.068 -0.502 -1.445
loglik[20]      0.899  0.985  0.508
loglik[21]     -0.862 -1.127  0.105
loglik[22]     -0.924 -1.598 -0.100
loglik[23]      0.400  2.781 -0.160
loglik[24]     -0.609 -2.532 -0.515
loglik[25]      1.199  0.170 -0.889
loglik[26]     -1.210 -0.151  1.271
loglik[27]      1.535  0.967  2.387
loglik[28]     -1.078 -0.240 -2.452
loglik[29]     -1.045  0.329 -2.788
loglik[3]       0.213 -0.877  0.234
loglik[30]      1.460 -1.981 -0.683
loglik[31]      0.776 -1.288 -2.502
loglik[32]      1.276 -1.873 -1.186
loglik[33]      1.702  0.201 -1.293
loglik[34]      1.902  1.279  0.109
loglik[35]     -0.620  1.550  0.275
loglik[36]      3.190  0.017 -0.679
loglik[37]      0.457  0.652 -0.541
loglik[38]      1.695  0.423  0.710
loglik[39]      1.567 -0.905 -0.884
loglik[4]      -0.346 -0.854  0.502
loglik[40]      0.781  1.329 -1.799
loglik[41]      0.308  1.200 -0.395
loglik[42]     -1.723  0.473  3.474
loglik[43]     -0.427  0.654 -0.735
loglik[44]      0.843 -0.538  0.512
loglik[45]     -0.536 -0.539  0.011
loglik[46]     -1.467  1.972 -1.019
loglik[47]      2.209 -0.636  0.172
loglik[48]      2.131  0.852  1.026
loglik[49]      2.351  0.560  0.626
loglik[5]       0.386  2.299  0.236
loglik[50]     -0.102  0.445 -0.328
loglik[51]      0.876  0.856  0.495
loglik[52]      0.565 -0.059 -0.938
loglik[53]      2.240 -0.322  1.315
loglik[54]     -0.157  0.004 -0.002
loglik[55]     -0.854 -0.617 -0.677
loglik[56]     -0.633  3.884  0.160
loglik[57]      0.568  2.855 -0.647
 [ reached 'max' / getOption("max.print") -- omitted 328 rows ]
