
#################################################################
# Summary Statistics
#################################################################

DIC = 237.4582

               Mean    SD  2.5%    5%   25%   50%   75%   95% 97.5%
Epsilon.1     0.030 0.009 0.015 0.017 0.023 0.029 0.035 0.047 0.051
Epsilon.2     0.027 0.004 0.020 0.021 0.024 0.026 0.029 0.034 0.036
Individual.SD 1.847 0.268 1.417 1.474 1.664 1.815 1.992 2.317 2.456
p.global.P01  0.346 0.078 0.208 0.223 0.292 0.345 0.396 0.482 0.509
p.global.P02  0.352 0.090 0.190 0.207 0.290 0.350 0.417 0.503 0.532
p.global.P03  0.170 0.065 0.064 0.078 0.122 0.161 0.214 0.289 0.317
p.global.P04  0.079 0.037 0.026 0.031 0.052 0.073 0.098 0.152 0.171
p.global.P05  0.052 0.026 0.016 0.020 0.033 0.047 0.068 0.101 0.113
p.G01.P01     0.031 0.032 0.001 0.001 0.009 0.021 0.043 0.092 0.113
p.G02.P01     0.137 0.083 0.006 0.013 0.068 0.135 0.196 0.279 0.303
p.G03.P01     0.194 0.117 0.006 0.013 0.092 0.200 0.286 0.380 0.408
p.G04.P01     0.102 0.077 0.003 0.006 0.038 0.089 0.151 0.248 0.276
p.G05.P01     0.058 0.059 0.001 0.002 0.014 0.039 0.085 0.184 0.224
p.G06.P01     0.033 0.033 0.001 0.002 0.009 0.023 0.047 0.098 0.118
p.G07.P01     0.038 0.036 0.001 0.002 0.010 0.027 0.056 0.114 0.132
p.G08.P01     0.868 0.116 0.607 0.668 0.819 0.896 0.951 0.988 0.993
p.G09.P01     0.343 0.154 0.026 0.052 0.239 0.363 0.457 0.560 0.599
p.G10.P01     0.687 0.153 0.175 0.396 0.646 0.720 0.777 0.853 0.874
p.G11.P01     0.378 0.164 0.033 0.066 0.269 0.405 0.499 0.608 0.643
p.G12.P01     0.563 0.212 0.033 0.090 0.464 0.609 0.710 0.836 0.881
p.G13.P01     0.114 0.074 0.003 0.008 0.052 0.107 0.168 0.247 0.269
p.G14.P01     0.513 0.145 0.121 0.217 0.448 0.536 0.608 0.705 0.735
p.G15.P01     0.456 0.228 0.024 0.056 0.282 0.492 0.636 0.786 0.833
p.G16.P01     0.028 0.031 0.000 0.001 0.005 0.016 0.040 0.096 0.117
p.G17.P01     0.078 0.057 0.003 0.006 0.031 0.068 0.116 0.184 0.205
p.G18.P01     0.909 0.074 0.736 0.782 0.874 0.925 0.962 0.990 0.994
p.G19.P01     0.224 0.149 0.008 0.014 0.089 0.222 0.339 0.474 0.513
p.G20.P01     0.052 0.047 0.001 0.002 0.013 0.040 0.081 0.144 0.166
p.G21.P01     0.213 0.158 0.003 0.007 0.075 0.195 0.329 0.485 0.544
p.G22.P01     0.181 0.130 0.005 0.009 0.068 0.170 0.271 0.406 0.447
p.G23.P01     0.444 0.139 0.109 0.200 0.368 0.455 0.530 0.660 0.703
p.G24.P01     0.367 0.125 0.049 0.114 0.302 0.389 0.450 0.543 0.568
p.G25.P01     0.073 0.057 0.002 0.004 0.026 0.059 0.108 0.183 0.209
p.G26.P01     0.171 0.119 0.004 0.009 0.069 0.160 0.256 0.374 0.411
p.G27.P01     0.563 0.141 0.170 0.289 0.502 0.585 0.654 0.743 0.773
p.G28.P01     0.348 0.127 0.040 0.095 0.276 0.363 0.438 0.527 0.555
p.G29.P01     0.555 0.141 0.189 0.279 0.493 0.584 0.649 0.733 0.760
p.G30.P01     0.016 0.017 0.000 0.001 0.004 0.010 0.022 0.050 0.060
p.G31.P01     0.740 0.121 0.456 0.527 0.686 0.756 0.817 0.909 0.942
p.G32.P01     0.139 0.091 0.005 0.010 0.063 0.133 0.206 0.296 0.325
p.G33.P01     0.177 0.095 0.008 0.016 0.106 0.185 0.249 0.322 0.342
p.G34.P01     0.231 0.127 0.010 0.019 0.124 0.247 0.337 0.416 0.435
p.G35.P01     0.710 0.131 0.406 0.494 0.651 0.726 0.791 0.886 0.921
p.G36.P01     0.580 0.128 0.262 0.343 0.518 0.594 0.661 0.758 0.792
p.G37.P01     0.912 0.073 0.750 0.790 0.879 0.926 0.963 0.990 0.994
p.G38.P01     0.062 0.050 0.002 0.004 0.021 0.051 0.094 0.159 0.178
p.G39.P01     0.889 0.089 0.694 0.744 0.849 0.905 0.953 0.989 0.993
p.G40.P01     0.039 0.038 0.001 0.002 0.010 0.027 0.056 0.116 0.137
p.G41.P01     0.160 0.086 0.009 0.016 0.092 0.164 0.226 0.295 0.314
p.G42.P01     0.657 0.135 0.342 0.414 0.583 0.677 0.750 0.837 0.872
p.G43.P01     0.113 0.073 0.004 0.008 0.051 0.106 0.166 0.236 0.259
p.G44.P01     0.238 0.121 0.011 0.027 0.147 0.253 0.329 0.424 0.455
p.G45.P01     0.196 0.159 0.004 0.008 0.056 0.155 0.315 0.486 0.525
p.G46.P01     0.387 0.142 0.045 0.095 0.310 0.408 0.487 0.580 0.615
p.G47.P01     0.695 0.151 0.307 0.407 0.631 0.721 0.790 0.887 0.932
p.G48.P01     0.036 0.041 0.000 0.001 0.006 0.020 0.050 0.123 0.157
p.G49.P01     0.208 0.103 0.011 0.026 0.129 0.221 0.287 0.360 0.383
p.G50.P01     0.158 0.107 0.003 0.008 0.064 0.147 0.247 0.336 0.357
p.G51.P01     0.092 0.064 0.003 0.007 0.037 0.085 0.136 0.206 0.229
p.G52.P01     0.061 0.050 0.001 0.003 0.020 0.049 0.091 0.162 0.183
p.G53.P01     0.267 0.118 0.017 0.042 0.189 0.281 0.351 0.445 0.471
p.G54.P01     0.889 0.103 0.651 0.724 0.848 0.911 0.961 0.990 0.995
p.G55.P01     0.054 0.045 0.002 0.003 0.018 0.044 0.078 0.140 0.169
p.G01.P02     0.628 0.115 0.396 0.440 0.551 0.630 0.711 0.808 0.833
p.G02.P02     0.593 0.116 0.346 0.395 0.524 0.601 0.664 0.774 0.815
p.G03.P02     0.514 0.143 0.115 0.228 0.449 0.535 0.606 0.708 0.738
p.G04.P02     0.614 0.125 0.312 0.397 0.545 0.627 0.701 0.790 0.810
p.G05.P02     0.166 0.118 0.003 0.007 0.062 0.158 0.255 0.365 0.401
p.G06.P02     0.545 0.130 0.295 0.337 0.464 0.538 0.624 0.767 0.798
p.G07.P02     0.798 0.094 0.603 0.640 0.736 0.803 0.864 0.947 0.965
p.G08.P02     0.033 0.034 0.000 0.001 0.007 0.022 0.048 0.105 0.119
p.G09.P02     0.167 0.135 0.004 0.008 0.052 0.136 0.258 0.422 0.480
p.G10.P02     0.039 0.043 0.001 0.002 0.010 0.025 0.051 0.126 0.158
p.G11.P02     0.166 0.129 0.005 0.009 0.056 0.141 0.255 0.407 0.459
p.G12.P02     0.102 0.087 0.002 0.005 0.031 0.080 0.151 0.272 0.313
p.G13.P02     0.717 0.094 0.528 0.561 0.655 0.721 0.781 0.870 0.893
p.G14.P02     0.139 0.097 0.006 0.011 0.062 0.125 0.198 0.315 0.362
p.G15.P02     0.155 0.101 0.005 0.010 0.073 0.144 0.226 0.333 0.368
p.G16.P02     0.921 0.062 0.762 0.798 0.889 0.937 0.969 0.992 0.995
p.G17.P02     0.636 0.108 0.415 0.460 0.567 0.639 0.711 0.806 0.837
p.G18.P02     0.026 0.027 0.000 0.001 0.006 0.017 0.036 0.082 0.102
p.G19.P02     0.360 0.187 0.010 0.025 0.218 0.387 0.494 0.648 0.699
p.G20.P02     0.845 0.083 0.668 0.699 0.792 0.850 0.906 0.972 0.984
p.G21.P02     0.047 0.050 0.001 0.002 0.012 0.030 0.068 0.147 0.176
p.G22.P02     0.058 0.057 0.001 0.002 0.016 0.041 0.084 0.173 0.201
p.G23.P02     0.066 0.060 0.002 0.004 0.020 0.047 0.095 0.187 0.221
p.G24.P02     0.082 0.083 0.002 0.004 0.025 0.060 0.113 0.224 0.323
p.G25.P02     0.454 0.128 0.176 0.240 0.375 0.455 0.534 0.672 0.717
p.G26.P02     0.110 0.154 0.001 0.002 0.014 0.040 0.119 0.490 0.535
p.G27.P02     0.081 0.085 0.002 0.004 0.019 0.050 0.114 0.261 0.307
p.G28.P02     0.094 0.107 0.002 0.003 0.021 0.053 0.122 0.334 0.406
p.G29.P02     0.199 0.095 0.015 0.030 0.131 0.211 0.271 0.341 0.360
p.G30.P02     0.820 0.111 0.581 0.623 0.746 0.829 0.909 0.980 0.990
p.G31.P02     0.104 0.066 0.004 0.007 0.049 0.101 0.152 0.218 0.237
p.G32.P02     0.229 0.128 0.016 0.033 0.142 0.222 0.298 0.457 0.548
p.G33.P02     0.613 0.107 0.366 0.424 0.553 0.624 0.683 0.764 0.792
p.G34.P02     0.064 0.069 0.001 0.002 0.014 0.038 0.089 0.213 0.258
p.G35.P02     0.098 0.068 0.003 0.007 0.040 0.090 0.145 0.219 0.243
p.G36.P02     0.090 0.078 0.003 0.005 0.029 0.070 0.129 0.245 0.289
p.G37.P02     0.023 0.024 0.000 0.001 0.005 0.015 0.033 0.073 0.088
p.G38.P02     0.670 0.103 0.466 0.510 0.601 0.668 0.741 0.840 0.867
p.G39.P02     0.032 0.034 0.000 0.001 0.007 0.021 0.045 0.103 0.124
p.G40.P02     0.765 0.106 0.555 0.585 0.693 0.768 0.844 0.936 0.960
p.G41.P02     0.685 0.094 0.479 0.529 0.629 0.688 0.747 0.830 0.859
p.G42.P02     0.118 0.077 0.004 0.008 0.053 0.112 0.176 0.249 0.269
p.G43.P02     0.526 0.120 0.267 0.322 0.456 0.531 0.604 0.714 0.759
p.G44.P02     0.186 0.136 0.005 0.012 0.080 0.166 0.256 0.463 0.535
p.G45.P02     0.229 0.154 0.004 0.011 0.095 0.218 0.344 0.498 0.525
p.G46.P02     0.097 0.109 0.002 0.003 0.018 0.055 0.139 0.331 0.399
p.G47.P02     0.046 0.047 0.001 0.002 0.011 0.030 0.065 0.142 0.169
p.G48.P02     0.895 0.086 0.672 0.727 0.851 0.915 0.960 0.990 0.994
 [ reached getOption("max.print") -- omitted 172 rows ]
