
################################################################################
# Gelman-Rubin Diagnostic
################################################################################

Generally the Gelman diagnostic should be < 1.05


Out of 649 variables: 280 > 1.01

                      
93 > 1.05

                      
39 > 1.1


The worst variables are:

             Point est. Upper C.I.
p.global[4]    1.348741   2.210327
p.fac1[22,4]   1.238524   1.748417
p.fac1[21,4]   1.228071   1.719951
p.fac1[5,4]    1.213261   1.634429
p.fac1[23,4]   1.211371   1.677452
p.fac1[44,4]   1.195585   1.635877
p.fac1[49,4]   1.176021   1.569091
p.fac1[53,5]   1.152700   1.452103
p.fac1[40,4]   1.150758   1.496630
p.fac1[5,2]    1.143192   1.436755


And here are the Gelman diagnostics for all variables:

               Point est. Upper C.I.
deviance        1.0064624  1.0190800
fac1.sig        1.0636774  1.2091584
ilr.fac1[1,1]   1.0032129  1.0070911
ilr.fac1[2,1]   1.0023019  1.0038659
ilr.fac1[3,1]   0.9992853  0.9994775
ilr.fac1[4,1]   1.0009468  1.0018146
ilr.fac1[5,1]   1.0201053  1.0264540
ilr.fac1[6,1]   1.0032055  1.0097595
ilr.fac1[7,1]   1.0070618  1.0242458
ilr.fac1[8,1]   1.0101612  1.0144484
ilr.fac1[9,1]   1.0029171  1.0064184
ilr.fac1[10,1]  1.0083690  1.0270759
ilr.fac1[11,1]  1.0016483  1.0069485
ilr.fac1[12,1]  1.0063930  1.0248044
ilr.fac1[13,1]  1.0056659  1.0110755
ilr.fac1[14,1]  1.0066170  1.0099367
ilr.fac1[15,1]  1.0082565  1.0270165
ilr.fac1[16,1]  1.0389909  1.1286798
ilr.fac1[17,1]  1.0053647  1.0105238
ilr.fac1[18,1]  1.0090902  1.0201435
ilr.fac1[19,1]  1.0235842  1.0842181
ilr.fac1[20,1]  1.0330543  1.0912828
ilr.fac1[21,1]  1.0020065  1.0040652
ilr.fac1[22,1]  1.0103706  1.0215992
ilr.fac1[23,1]  1.0056375  1.0072493
ilr.fac1[24,1]  1.0023348  1.0071554
ilr.fac1[25,1]  1.0053688  1.0090498
ilr.fac1[26,1]  1.0097467  1.0220706
ilr.fac1[27,1]  1.0094446  1.0194367
ilr.fac1[28,1]  1.0004358  1.0033864
ilr.fac1[29,1]  1.0082421  1.0150042
ilr.fac1[30,1]  1.0112593  1.0297161
ilr.fac1[31,1]  1.0009326  1.0019073
ilr.fac1[32,1]  1.0063180  1.0165765
ilr.fac1[33,1]  1.0064807  1.0113919
ilr.fac1[34,1]  1.0052998  1.0084288
ilr.fac1[35,1]  1.0031740  1.0045872
ilr.fac1[36,1]  1.0053590  1.0132682
ilr.fac1[37,1]  1.0043875  1.0173460
ilr.fac1[38,1]  1.0066733  1.0094537
ilr.fac1[39,1]  1.0062972  1.0213010
ilr.fac1[40,1]  1.0039407  1.0064602
ilr.fac1[41,1]  1.0038547  1.0132828
ilr.fac1[42,1]  1.0023639  1.0070598
ilr.fac1[43,1]  1.0014334  1.0014922
ilr.fac1[44,1]  1.0111767  1.0240939
ilr.fac1[45,1]  1.0002547  1.0007516
ilr.fac1[46,1]  1.0126941  1.0372388
ilr.fac1[47,1]  1.0233731  1.0737200
ilr.fac1[48,1]  1.0114810  1.0364832
ilr.fac1[49,1]  1.0145603  1.0279107
ilr.fac1[50,1]  1.0001104  1.0024688
ilr.fac1[51,1]  1.0058902  1.0061030
ilr.fac1[52,1]  1.0060784  1.0117867
ilr.fac1[53,1]  1.0162425  1.0379549
ilr.fac1[54,1]  0.9998851  1.0000211
ilr.fac1[1,2]   1.0089640  1.0229657
ilr.fac1[2,2]   1.0257851  1.0421787
ilr.fac1[3,2]   1.0038581  1.0095297
ilr.fac1[4,2]   1.0117099  1.0180598
ilr.fac1[5,2]   1.0423606  1.1356081
ilr.fac1[6,2]   1.0065403  1.0148201
ilr.fac1[7,2]   1.0230160  1.0573405
ilr.fac1[8,2]   1.0109399  1.0373740
ilr.fac1[9,2]   1.0026278  1.0032143
ilr.fac1[10,2]  1.0102391  1.0329581
ilr.fac1[11,2]  0.9994084  0.9997505
ilr.fac1[12,2]  1.0056219  1.0193175
ilr.fac1[13,2]  1.0298312  1.0631697
ilr.fac1[14,2]  1.0046415  1.0057067
ilr.fac1[15,2]  1.0019984  1.0084149
ilr.fac1[16,2]  1.0087220  1.0206273
ilr.fac1[17,2]  1.0258255  1.0649639
ilr.fac1[18,2]  1.0091271  1.0228656
ilr.fac1[19,2]  1.0178965  1.0643615
ilr.fac1[20,2]  1.0091435  1.0131633
ilr.fac1[21,2]  1.0006827  1.0038993
ilr.fac1[22,2]  1.0115747  1.0383204
ilr.fac1[23,2]  1.0002869  1.0018967
ilr.fac1[24,2]  1.0027687  1.0028698
ilr.fac1[25,2]  1.0065991  1.0100127
ilr.fac1[26,2]  1.0248786  1.0786176
ilr.fac1[27,2]  1.0006356  1.0014558
ilr.fac1[28,2]  1.0127795  1.0374880
ilr.fac1[29,2]  1.0040489  1.0063813
ilr.fac1[30,2]  1.0030881  1.0068841
ilr.fac1[31,2]  1.0038233  1.0102374
ilr.fac1[32,2]  1.0026160  1.0087775
ilr.fac1[33,2]  1.0194188  1.0284438
ilr.fac1[34,2]  1.0000624  1.0002334
ilr.fac1[35,2]  1.0036930  1.0056345
ilr.fac1[36,2]  1.0130897  1.0322217
ilr.fac1[37,2]  1.0086882  1.0153607
ilr.fac1[38,2]  1.0029843  1.0110524
ilr.fac1[39,2]  1.0207707  1.0528714
ilr.fac1[40,2]  1.0310168  1.0589893
ilr.fac1[41,2]  1.0012267  1.0068704
ilr.fac1[42,2]  1.0167009  1.0291122
ilr.fac1[43,2]  1.0070778  1.0136848
ilr.fac1[44,2]  1.0121892  1.0259146
ilr.fac1[45,2]  1.0057128  1.0147999
ilr.fac1[46,2]  1.0063217  1.0194800
ilr.fac1[47,2]  1.0136902  1.0194019
ilr.fac1[48,2]  1.0111067  1.0152489
ilr.fac1[49,2]  1.0344495  1.0816424
ilr.fac1[50,2]  1.0006305  1.0044477
ilr.fac1[51,2]  1.0094817  1.0160868
ilr.fac1[52,2]  1.0126177  1.0401074
ilr.fac1[53,2]  1.0060007  1.0171968
ilr.fac1[54,2]  1.0077339  1.0176964
ilr.fac1[1,3]   1.0028974  1.0116371
ilr.fac1[2,3]   1.0006152  1.0021112
ilr.fac1[3,3]   1.0019090  1.0080484
ilr.fac1[4,3]   1.0077949  1.0298018
ilr.fac1[5,3]   1.0989491  1.3072462
ilr.fac1[6,3]   1.0164396  1.0604057
ilr.fac1[7,3]   1.0020023  1.0085871
ilr.fac1[8,3]   1.0009011  1.0028214
ilr.fac1[9,3]   1.0017712  1.0088425
ilr.fac1[10,3]  1.0264805  1.0939733
ilr.fac1[11,3]  1.0089720  1.0299025
ilr.fac1[12,3]  1.0105583  1.0398072
ilr.fac1[13,3]  1.0052816  1.0157803
ilr.fac1[14,3]  1.0010264  1.0037692
ilr.fac1[15,3]  1.0187099  1.0681136
ilr.fac1[16,3]  1.0104687  1.0344506
ilr.fac1[17,3]  1.0011881  1.0066477
ilr.fac1[18,3]  1.0215261  1.0756137
ilr.fac1[19,3]  1.0051194  1.0167511
ilr.fac1[20,3]  1.0029643  1.0083047
ilr.fac1[21,3]  1.0906700  1.2866367
ilr.fac1[22,3]  1.0826816  1.2661914
ilr.fac1[23,3]  1.0494388  1.1669453
ilr.fac1[24,3]  1.0040896  1.0122593
ilr.fac1[25,3]  1.0046412  1.0183923
ilr.fac1[26,3]  1.0118037  1.0446290
ilr.fac1[27,3]  1.0029401  1.0053460
ilr.fac1[28,3]  1.0035221  1.0129440
ilr.fac1[29,3]  1.0032579  1.0135995
ilr.fac1[30,3]  1.0085797  1.0317592
ilr.fac1[31,3]  1.0055305  1.0211725
ilr.fac1[32,3]  1.0121985  1.0439467
ilr.fac1[33,3]  1.0006471  1.0043314
ilr.fac1[34,3]  1.0041731  1.0150595
ilr.fac1[35,3]  1.0039631  1.0086024
ilr.fac1[36,3]  1.0088445  1.0301893
ilr.fac1[37,3]  1.0009948  1.0037079
ilr.fac1[38,3]  1.0275518  1.0891879
ilr.fac1[39,3]  1.0021529  1.0045625
ilr.fac1[40,3]  1.0166276  1.0583801
ilr.fac1[41,3]  1.0009737  1.0039937
ilr.fac1[42,3]  1.0031563  1.0138881
ilr.fac1[43,3]  1.0080924  1.0252751
ilr.fac1[44,3]  1.0497501  1.1675851
ilr.fac1[45,3]  1.0021898  1.0099947
ilr.fac1[46,3]  1.0119237  1.0444613
ilr.fac1[47,3]  1.0034310  1.0095317
ilr.fac1[48,3]  1.0085249  1.0294008
ilr.fac1[49,3]  1.0404996  1.1340410
ilr.fac1[50,3]  1.0092431  1.0357477
ilr.fac1[51,3]  1.0115195  1.0416231
ilr.fac1[52,3]  1.0013170  1.0062888
ilr.fac1[53,3]  1.0446077  1.1509516
ilr.fac1[54,3]  1.0074345  1.0255423
ilr.fac1[1,4]   1.0035253  1.0124740
ilr.fac1[2,4]   1.0030139  1.0088442
ilr.fac1[3,4]   1.0028630  1.0102726
ilr.fac1[4,4]   1.0032266  1.0043006
ilr.fac1[5,4]   1.0108077  1.0381840
ilr.fac1[6,4]   1.0096716  1.0339743
ilr.fac1[7,4]   0.9997875  0.9999717
ilr.fac1[8,4]   1.0295502  1.1013292
ilr.fac1[9,4]   1.0277713  1.0981672
ilr.fac1[10,4]  1.0429312  1.1466309
ilr.fac1[11,4]  1.0160006  1.0590591
ilr.fac1[12,4]  1.0061746  1.0077325
ilr.fac1[13,4]  1.0022746  1.0023568
ilr.fac1[14,4]  1.0141126  1.0312552
ilr.fac1[15,4]  1.0446106  1.0947114
ilr.fac1[16,4]  1.0095082  1.0178800
ilr.fac1[17,4]  1.0023902  1.0040736
ilr.fac1[18,4]  1.0453828  1.1373495
ilr.fac1[19,4]  1.0116120  1.0345601
ilr.fac1[20,4]  1.0001991  1.0014470
ilr.fac1[21,4]  0.9992669  0.9995964
ilr.fac1[22,4]  1.0115751  1.0309428
ilr.fac1[23,4]  1.0050399  1.0100614
ilr.fac1[24,4]  1.0141725  1.0528533
ilr.fac1[25,4]  1.0128274  1.0306077
ilr.fac1[26,4]  1.0392718  1.1342659
ilr.fac1[27,4]  1.0258797  1.0726029
ilr.fac1[28,4]  1.0343113  1.1177584
ilr.fac1[29,4]  1.0268904  1.0667499
ilr.fac1[30,4]  1.0003597  1.0019877
ilr.fac1[31,4]  1.0401901  1.1217535
ilr.fac1[32,4]  1.0311473  1.1023151
ilr.fac1[33,4]  1.0041360  1.0071616
ilr.fac1[34,4]  1.0217562  1.0535266
ilr.fac1[35,4]  1.0236197  1.0767751
ilr.fac1[36,4]  1.0439523  1.1357268
ilr.fac1[37,4]  1.0022673  1.0084383
ilr.fac1[38,4]  1.0234711  1.0745588
ilr.fac1[39,4]  1.0013025  1.0026896
ilr.fac1[40,4]  1.0017297  1.0059468
ilr.fac1[41,4]  1.0208231  1.0629829
ilr.fac1[42,4]  1.0106244  1.0164661
ilr.fac1[43,4]  1.0157430  1.0495581
ilr.fac1[44,4]  1.0059089  1.0138586
ilr.fac1[45,4]  1.0393577  1.1346603
ilr.fac1[46,4]  1.0345306  1.1130509
ilr.fac1[47,4]  1.0004757  1.0005572
ilr.fac1[48,4]  1.0033539  1.0099126
ilr.fac1[49,4]  1.0008735  1.0024904
ilr.fac1[50,4]  1.0012618  1.0020309
ilr.fac1[51,4]  1.0059725  1.0106883
ilr.fac1[52,4]  1.0228876  1.0817293
ilr.fac1[53,4]  1.0412830  1.0963297
ilr.fac1[54,4]  1.0080737  1.0094012
loglik[1]       1.0019535  1.0043385
loglik[2]       1.0018522  1.0063715
loglik[3]       0.9993515  0.9998799
loglik[4]       1.0032246  1.0108947
loglik[5]       0.9994768  0.9995422
loglik[6]       1.0003808  1.0024861
loglik[7]       1.0043989  1.0131277
loglik[8]       1.0029406  1.0104660
loglik[9]       1.0002878  1.0007096
loglik[10]      1.0021856  1.0085715
loglik[11]      1.0049387  1.0089363
loglik[12]      1.0255970  1.0819601
loglik[13]      0.9996851  1.0000959
loglik[14]      1.0177549  1.0567531
loglik[15]      1.0160033  1.0575408
loglik[16]      1.0013344  1.0046628
loglik[17]      1.0059749  1.0210859
loglik[18]      1.0039163  1.0108968
loglik[19]      1.0017696  1.0081317
loglik[20]      0.9993598  0.9994106
loglik[21]      1.0011783  1.0041695
loglik[22]      1.0093010  1.0207554
loglik[23]      1.0017275  1.0059749
loglik[24]      1.0037078  1.0092454
loglik[25]      1.0004769  1.0019405
loglik[26]      1.0050057  1.0070970
loglik[27]      1.0016093  1.0082769
loglik[28]      0.9998046  1.0015945
loglik[29]      0.9997232  1.0011034
loglik[30]      1.0129120  1.0340508
loglik[31]      1.0047763  1.0053921
loglik[32]      1.0095382  1.0226526
loglik[33]      1.0006041  1.0035295
loglik[34]      1.0012560  1.0072630
loglik[35]      1.0054885  1.0162350
loglik[36]      1.0035331  1.0083494
loglik[37]      1.0158858  1.0527278
loglik[38]      1.0013174  1.0050715
loglik[39]      1.0146134  1.0543012
loglik[40]      1.0037199  1.0104325
loglik[41]      1.0049659  1.0119279
loglik[42]      1.0041890  1.0146324
loglik[43]      1.0007217  1.0040462
loglik[44]      1.0000691  1.0016850
loglik[45]      1.0026994  1.0095242
loglik[46]      1.0018148  1.0086745
loglik[47]      1.0008761  1.0056332
loglik[48]      1.0077165  1.0226050
loglik[49]      1.0131177  1.0322606
loglik[50]      1.0068118  1.0196493
loglik[51]      1.0124564  1.0446164
loglik[52]      1.0004759  1.0034983
loglik[53]      1.0015938  1.0082699
loglik[54]      1.0090335  1.0241589
loglik[55]      1.0008267  1.0035210
loglik[56]      1.0021671  1.0029742
loglik[57]      1.0035971  1.0060092
loglik[58]      1.0040553  1.0083201
loglik[59]      1.0000487  1.0008095
loglik[60]      1.0145710  1.0499399
loglik[61]      1.0003787  1.0027452
loglik[62]      0.9996713  0.9999152
loglik[63]      0.9993487  0.9998402
loglik[64]      1.0033872  1.0061598
loglik[65]      1.0143834  1.0346457
loglik[66]      0.9999468  1.0017539
loglik[67]      1.0033072  1.0133092
loglik[68]      1.0032735  1.0126900
loglik[69]      1.0005338  1.0027897
loglik[70]      1.0022855  1.0029905
loglik[71]      1.0036092  1.0067141
loglik[72]      1.0013088  1.0043202
loglik[73]      1.0057059  1.0164262
loglik[74]      1.0041909  1.0095776
loglik[75]      1.0155446  1.0257535
loglik[76]      1.0007174  1.0034948
loglik[77]      0.9995894  1.0006827
loglik[78]      1.0022917  1.0074533
loglik[79]      1.0020750  1.0096808
loglik[80]      0.9997558  1.0005069
loglik[81]      1.0042323  1.0158514
loglik[82]      1.0021983  1.0083975
loglik[83]      1.0000135  1.0003311
loglik[84]      1.0039941  1.0142617
loglik[85]      1.0040294  1.0163592
loglik[86]      1.0022675  1.0068325
loglik[87]      1.0142877  1.0526936
loglik[88]      1.0134360  1.0458136
loglik[89]      1.0596660  1.1963518
loglik[90]      1.0022329  1.0037602
loglik[91]      1.0034306  1.0042052
loglik[92]      1.0022376  1.0042586
loglik[93]      1.0025601  1.0118594
loglik[94]      0.9995155  1.0006081
loglik[95]      1.0094323  1.0189399
loglik[96]      1.0002505  1.0030700
loglik[97]      1.0155040  1.0570095
loglik[98]      0.9993098  0.9999663
loglik[99]      1.0007061  1.0019594
loglik[100]     1.0357460  1.1170281
loglik[101]     1.0368147  1.1201561
loglik[102]     1.0004423  1.0038245
loglik[103]     1.0020364  1.0083402
loglik[104]     1.0009411  1.0036965
loglik[105]     1.0015731  1.0070693
loglik[106]     1.0101324  1.0206545
loglik[107]     1.0049854  1.0068570
loglik[108]     1.0007701  1.0019486
loglik[109]     1.0045423  1.0174269
loglik[110]     1.0064127  1.0237091
loglik[111]     1.0034775  1.0114911
loglik[112]     1.0035440  1.0117483
loglik[113]     1.0103328  1.0375277
loglik[114]     1.0032415  1.0052964
loglik[115]     1.0019052  1.0046072
loglik[116]     1.0012494  1.0022984
loglik[117]     1.0053597  1.0125179
loglik[118]     0.9999315  1.0010714
loglik[119]     1.0038760  1.0103000
loglik[120]     1.0001904  1.0002506
loglik[121]     0.9997569  1.0008106
loglik[122]     1.0070339  1.0194880
loglik[123]     1.0066985  1.0239250
loglik[124]     0.9995015  1.0000844
loglik[125]     1.0007945  1.0020883
loglik[126]     1.0051508  1.0101880
loglik[127]     1.0016600  1.0046088
loglik[128]     1.0043933  1.0164802
loglik[129]     1.0028562  1.0116928
loglik[130]     0.9994832  0.9996794
loglik[131]     1.0011903  1.0061114
loglik[132]     1.0002223  1.0023785
loglik[133]     1.0048657  1.0127738
loglik[134]     1.0156682  1.0535533
loglik[135]     1.0071483  1.0096856
loglik[136]     1.0026136  1.0102606
loglik[137]     1.0031109  1.0117903
loglik[138]     1.0082351  1.0106504
loglik[139]     1.0060280  1.0063954
loglik[140]     1.0031703  1.0134390
loglik[141]     1.0027762  1.0104646
loglik[142]     1.0080956  1.0245272
loglik[143]     1.0076017  1.0238439
loglik[144]     1.0025392  1.0118751
loglik[145]     1.0027584  1.0106174
loglik[146]     1.0044773  1.0144310
loglik[147]     1.0038542  1.0161576
loglik[148]     1.0061861  1.0232973
loglik[149]     0.9992829  0.9997985
loglik[150]     1.0078989  1.0309088
loglik[151]     1.0027151  1.0109320
loglik[152]     1.0005946  1.0038491
loglik[153]     0.9992859  0.9998847
loglik[154]     0.9992986  1.0000020
p.fac1[1,1]     1.0008473  1.0027781
p.fac1[2,1]     1.0019863  1.0097034
p.fac1[3,1]     1.0023850  1.0100306
p.fac1[4,1]     1.0002902  1.0023628
p.fac1[5,1]     1.0970862  1.3033226
p.fac1[6,1]     1.0048752  1.0143205
p.fac1[7,1]     1.0110160  1.0355039
p.fac1[8,1]     1.0086040  1.0325695
p.fac1[9,1]     1.0143673  1.0475168
p.fac1[10,1]    1.0826142  1.2642220
p.fac1[11,1]    1.0264579  1.0895147
p.fac1[12,1]    1.0628491  1.2058169
p.fac1[13,1]    1.0065222  1.0240661
p.fac1[14,1]    1.0164871  1.0491753
p.fac1[15,1]    1.0470509  1.1586813
p.fac1[16,1]    1.0103530  1.0229169
p.fac1[17,1]    1.0011184  1.0057930
p.fac1[18,1]    1.0851127  1.2712665
p.fac1[19,1]    1.0356468  1.1233257
p.fac1[20,1]    1.0026202  1.0102387
p.fac1[21,1]    1.0791267  1.2558720
p.fac1[22,1]    1.0809507  1.2592290
p.fac1[23,1]    1.0439095  1.1467277
p.fac1[24,1]    1.0207240  1.0655300
p.fac1[25,1]    1.0001799  1.0022888
p.fac1[26,1]    1.0173838  1.0482354
p.fac1[27,1]    1.0207998  1.0617303
p.fac1[28,1]    1.0058997  1.0212061
p.fac1[29,1]    1.0259336  1.0856321
p.fac1[30,1]    1.0044069  1.0131946
p.fac1[31,1]    1.0311476  1.1091143
p.fac1[32,1]    1.0078070  1.0150536
p.fac1[33,1]    1.0029003  1.0103697
p.fac1[34,1]    1.0262343  1.0887076
p.fac1[35,1]    1.0145422  1.0364087
p.fac1[36,1]    1.0844598  1.2674810
p.fac1[37,1]    1.0030606  1.0125136
p.fac1[38,1]    1.0725683  1.2309482
p.fac1[39,1]    1.0035587  1.0153150
p.fac1[40,1]    1.0214121  1.0663939
p.fac1[41,1]    1.0049491  1.0073053
p.fac1[42,1]    0.9993068  0.9994093
p.fac1[43,1]    1.0118344  1.0390563
p.fac1[44,1]    1.0420637  1.1413649
p.fac1[45,1]    1.0082775  1.0296270
p.fac1[46,1]    1.0661266  1.2160745
p.fac1[47,1]    1.0039512  1.0147826
p.fac1[48,1]    1.0128715  1.0484653
p.fac1[49,1]    1.0383598  1.1307277
p.fac1[50,1]    1.0062921  1.0238595
p.fac1[51,1]    1.0084486  1.0244681
p.fac1[52,1]    1.0113255  1.0357349
p.fac1[53,1]    1.1221846  1.3744134
p.fac1[54,1]    1.0009520  1.0053830
p.fac1[1,2]     1.0071293  1.0264975
p.fac1[2,2]     1.0109821  1.0392817
p.fac1[3,2]     1.0243537  1.0807380
p.fac1[4,2]     1.0120987  1.0335065
p.fac1[5,2]     1.1431923  1.4367548
p.fac1[6,2]     1.0437601  1.0832222
p.fac1[7,2]     1.0232561  1.0774444
p.fac1[8,2]     1.0050317  1.0179063
p.fac1[9,2]     1.0219938  1.0790764
p.fac1[10,2]    1.0741519  1.2115435
p.fac1[11,2]    1.0496415  1.1531883
p.fac1[12,2]    1.0606325  1.1719346
p.fac1[13,2]    1.0302685  1.0997483
p.fac1[14,2]    1.0218693  1.0760538
p.fac1[15,2]    1.0599075  1.1657543
p.fac1[16,2]    1.0168262  1.0339919
p.fac1[17,2]    1.0189545  1.0660873
p.fac1[18,2]    1.0473639  1.1393401
p.fac1[19,2]    1.0654171  1.2007054
p.fac1[20,2]    1.0278830  1.0862610
p.fac1[21,2]    1.0504815  1.1692725
p.fac1[22,2]    1.1055272  1.3293747
p.fac1[23,2]    1.0404251  1.1378413
p.fac1[24,2]    1.0216022  1.0756208
p.fac1[25,2]    1.0103940  1.0291251
p.fac1[26,2]    1.0086986  1.0156630
p.fac1[27,2]    1.0416526  1.1328442
p.fac1[28,2]    1.0088113  1.0335968
p.fac1[29,2]    1.0509849  1.1629986
p.fac1[30,2]    1.0050888  1.0095409
p.fac1[31,2]    1.0344911  1.1026384
p.fac1[32,2]    1.0084840  1.0215055
p.fac1[33,2]    1.0256475  1.0861520
p.fac1[34,2]    1.0501712  1.1520135
p.fac1[35,2]    1.0367303  1.1196760
p.fac1[36,2]    1.0464483  1.1410909
p.fac1[37,2]    1.0134836  1.0446563
p.fac1[38,2]    1.0462049  1.1317184
p.fac1[39,2]    1.0155723  1.0541418
p.fac1[40,2]    1.0309645  1.0972899
p.fac1[41,2]    1.0235674  1.0779789
p.fac1[42,2]    1.0170163  1.0536947
p.fac1[43,2]    1.0096821  1.0351621
p.fac1[44,2]    1.0593647  1.1972209
p.fac1[45,2]    1.0276620  1.0936997
p.fac1[46,2]    1.0744175  1.2176093
p.fac1[47,2]    1.0506579  1.1378980
p.fac1[48,2]    1.0113306  1.0421462
p.fac1[49,2]    1.0689539  1.2208513
p.fac1[50,2]    1.0228318  1.0778226
p.fac1[51,2]    1.0119681  1.0359231
p.fac1[52,2]    1.0068462  1.0192704
p.fac1[53,2]    1.0491846  1.1555657
p.fac1[54,2]    1.0093434  1.0352243
p.fac1[1,3]     0.9999271  1.0000845
p.fac1[2,3]     1.0021922  1.0022804
p.fac1[3,3]     1.0038854  1.0145954
p.fac1[4,3]     1.0055382  1.0085618
p.fac1[5,3]     1.0074198  1.0184999
p.fac1[6,3]     1.0114723  1.0252335
p.fac1[7,3]     1.0065593  1.0161434
p.fac1[8,3]     1.0191546  1.0616656
p.fac1[9,3]     1.0028708  1.0129713
p.fac1[10,3]    1.0341992  1.0977095
p.fac1[11,3]    1.0004279  1.0031670
p.fac1[12,3]    1.0161009  1.0557035
p.fac1[13,3]    1.0053231  1.0134919
p.fac1[14,3]    1.0045129  1.0188964
p.fac1[15,3]    0.9998182  1.0011870
p.fac1[16,3]    1.0009685  1.0010568
p.fac1[17,3]    1.0052299  1.0099998
p.fac1[18,3]    1.0192695  1.0629855
p.fac1[19,3]    1.0191694  1.0662293
p.fac1[20,3]    1.0049788  1.0121320
 [ reached getOption("max.print") -- omitted 149 rows ]

################################################################################
# Geweke Diagnostic
################################################################################

The Geweke diagnostic is a standard z-score, so we'd expect 5% to be outside +/-1.96
Number of variables outside +/-1.96 in each chain (out of 
649
):


       Chain 1 Chain 2 Chain 3
Geweke     175      61     124


And here are the Geweke diagnostics for all variables:

               chain1 chain2 chain3
deviance        1.602  1.735  0.371
fac1.sig        0.070 -1.483  0.629
ilr.fac1[1,1]   0.245  1.070  0.171
ilr.fac1[2,1]   0.993 -1.241 -2.257
ilr.fac1[3,1]   2.542  1.012 -0.178
ilr.fac1[4,1]   1.257  0.175 -1.437
ilr.fac1[5,1]  -2.186  0.354 -0.291
ilr.fac1[6,1]  -0.033  1.315  1.534
ilr.fac1[7,1]   1.410  0.729 -1.409
ilr.fac1[8,1]   0.139 -1.609 -0.268
ilr.fac1[9,1]  -2.318 -0.842 -0.062
ilr.fac1[10,1] -1.498 -0.463  1.672
ilr.fac1[11,1] -0.565  0.196  1.523
ilr.fac1[12,1] -0.150 -2.199  2.706
ilr.fac1[13,1]  0.941 -0.762 -1.487
ilr.fac1[14,1] -1.907 -0.148 -0.246
ilr.fac1[15,1] -2.706 -2.374  2.210
ilr.fac1[16,1] -0.310 -0.021 -1.929
ilr.fac1[17,1]  1.354 -0.256  1.503
ilr.fac1[18,1]  0.849 -1.881  0.558
ilr.fac1[19,1]  0.352  0.920 -0.008
ilr.fac1[20,1] -1.107  1.154 -0.422
ilr.fac1[21,1]  1.649  1.048 -0.354
ilr.fac1[22,1]  0.196 -0.626 -0.682
ilr.fac1[23,1]  1.600 -0.373 -0.081
ilr.fac1[24,1] -1.250  0.086  0.672
ilr.fac1[25,1] -0.492  0.767 -0.586
ilr.fac1[26,1]  2.481  0.896 -0.727
ilr.fac1[27,1]  0.230 -1.328 -1.072
ilr.fac1[28,1] -0.363  0.249 -0.101
ilr.fac1[29,1] -0.456 -0.712  1.218
ilr.fac1[30,1]  2.764  0.097 -0.939
ilr.fac1[31,1] -0.730 -1.755 -0.576
ilr.fac1[32,1]  0.079 -0.167 -1.628
ilr.fac1[33,1]  0.713  1.248 -1.251
ilr.fac1[34,1]  1.585 -0.293  0.904
ilr.fac1[35,1]  0.094 -2.100 -0.758
ilr.fac1[36,1] -0.332 -0.777  0.400
ilr.fac1[37,1]  3.255  0.985  0.925
ilr.fac1[38,1] -2.543  1.227  1.351
ilr.fac1[39,1]  1.225 -0.035 -1.231
ilr.fac1[40,1]  0.531  1.020 -1.917
ilr.fac1[41,1]  1.078  1.056 -1.218
ilr.fac1[42,1]  1.566  0.303  1.392
ilr.fac1[43,1] -0.992 -0.435  1.447
ilr.fac1[44,1] -1.067  0.663 -2.219
ilr.fac1[45,1] -3.037 -1.136 -0.658
ilr.fac1[46,1] -0.535 -2.828  1.821
ilr.fac1[47,1] -0.623  0.430 -0.903
ilr.fac1[48,1]  1.257 -0.527  0.061
ilr.fac1[49,1] -0.042  0.444 -1.535
ilr.fac1[50,1] -1.723  0.232  0.366
ilr.fac1[51,1]  0.328  0.037  1.001
ilr.fac1[52,1]  0.104  1.313  0.065
ilr.fac1[53,1]  0.399 -2.097  0.268
ilr.fac1[54,1]  1.483  0.795 -1.457
ilr.fac1[1,2]   0.050  0.642 -0.579
ilr.fac1[2,2]   0.623  1.777 -1.562
ilr.fac1[3,2]   0.643 -0.922 -1.562
ilr.fac1[4,2]   0.578 -0.117 -0.297
ilr.fac1[5,2]   2.848 -0.446 -2.444
ilr.fac1[6,2]  -0.469  0.998 -0.857
ilr.fac1[7,2]   0.032 -1.361 -2.516
ilr.fac1[8,2]   0.749  1.222  0.271
ilr.fac1[9,2]   1.641  0.103  0.711
ilr.fac1[10,2]  1.248 -1.352 -0.935
ilr.fac1[11,2]  0.273 -0.618 -3.168
ilr.fac1[12,2] -0.362  0.888 -2.469
ilr.fac1[13,2]  0.348 -0.209 -1.434
ilr.fac1[14,2]  2.605 -2.377  0.438
ilr.fac1[15,2]  2.189  1.710 -0.774
ilr.fac1[16,2]  1.259 -0.011  0.284
ilr.fac1[17,2] -0.181  3.894 -2.006
ilr.fac1[18,2]  0.912  1.317  0.534
ilr.fac1[19,2] -0.200 -0.354  0.010
ilr.fac1[20,2]  2.145 -0.819 -0.363
ilr.fac1[21,2] -0.297 -0.347 -0.691
ilr.fac1[22,2]  0.229 -1.049 -0.467
ilr.fac1[23,2] -0.734  0.201 -0.126
ilr.fac1[24,2] -0.344 -0.472  0.624
ilr.fac1[25,2] -1.134 -0.263 -0.140
ilr.fac1[26,2] -1.566 -3.234  2.381
ilr.fac1[27,2]  0.228 -0.463 -0.162
ilr.fac1[28,2]  0.538 -1.155  0.794
ilr.fac1[29,2]  2.432  0.465 -0.359
ilr.fac1[30,2] -0.552  0.072  0.211
ilr.fac1[31,2]  1.165  1.126  1.102
ilr.fac1[32,2] -0.562 -0.082  0.587
ilr.fac1[33,2]  1.079 -0.439  0.712
ilr.fac1[34,2] -0.641  0.717 -0.726
ilr.fac1[35,2]  0.243  1.383 -0.155
ilr.fac1[36,2]  0.539 -0.400 -1.165
ilr.fac1[37,2] -0.620  0.500 -1.374
ilr.fac1[38,2]  2.103  0.177 -0.974
ilr.fac1[39,2]  1.443  1.242 -0.810
ilr.fac1[40,2]  0.206 -0.778  0.549
ilr.fac1[41,2] -0.460 -0.768  0.585
ilr.fac1[42,2]  0.240  0.437 -1.948
ilr.fac1[43,2]  0.159  0.198 -0.083
ilr.fac1[44,2]  2.047  0.242  0.179
ilr.fac1[45,2]  1.406 -0.415  1.631
ilr.fac1[46,2]  0.112  0.809 -1.263
ilr.fac1[47,2]  0.921 -1.011 -0.737
ilr.fac1[48,2]  1.209 -0.178 -0.399
ilr.fac1[49,2]  1.235 -0.160 -0.244
ilr.fac1[50,2]  0.362  0.928 -0.978
ilr.fac1[51,2] -1.471  0.346  0.089
ilr.fac1[52,2] -1.178 -3.106  1.059
ilr.fac1[53,2]  1.427 -0.413 -0.010
ilr.fac1[54,2] -0.176  0.259  0.866
ilr.fac1[1,3]  -0.598 -0.248 -1.364
ilr.fac1[2,3]  -1.006  0.430  0.302
ilr.fac1[3,3]  -0.838  1.996  0.895
ilr.fac1[4,3]  -0.028  1.026  0.181
ilr.fac1[5,3]   1.053 -0.702 -3.076
ilr.fac1[6,3]  -2.081  0.340  1.496
ilr.fac1[7,3]   1.503 -1.121  0.858
ilr.fac1[8,3]   2.609  0.605  0.975
ilr.fac1[9,3]  -0.390  0.135  1.045
ilr.fac1[10,3] -1.349 -1.100  0.519
ilr.fac1[11,3] -1.209 -0.775  0.328
ilr.fac1[12,3] -1.841 -0.956  0.607
ilr.fac1[13,3]  0.236  0.212 -1.273
ilr.fac1[14,3] -1.171 -0.285 -0.028
ilr.fac1[15,3] -2.679 -0.564  3.415
ilr.fac1[16,3] -0.150  0.109  0.270
ilr.fac1[17,3] -0.484  1.535 -0.341
ilr.fac1[18,3] -1.356 -0.544  0.947
ilr.fac1[19,3] -0.517 -0.152  0.649
ilr.fac1[20,3]  2.197 -0.815  0.214
ilr.fac1[21,3]  2.244  1.133 -2.912
ilr.fac1[22,3]  2.433  0.399 -1.437
ilr.fac1[23,3]  0.515  1.193 -3.237
ilr.fac1[24,3] -1.700 -0.999  0.635
ilr.fac1[25,3] -0.513  1.400 -0.499
ilr.fac1[26,3] -1.399 -0.590  2.235
ilr.fac1[27,3] -0.949 -0.244 -1.606
ilr.fac1[28,3] -1.448  1.742 -0.892
ilr.fac1[29,3] -0.699 -0.109  0.810
ilr.fac1[30,3]  0.597 -1.046  0.077
ilr.fac1[31,3]  0.078 -0.139  2.110
ilr.fac1[32,3] -3.006 -0.196  0.110
ilr.fac1[33,3]  1.566 -0.226 -0.428
ilr.fac1[34,3]  0.221 -1.378  1.437
ilr.fac1[35,3]  0.305 -0.415 -2.125
ilr.fac1[36,3] -2.442  0.530  1.119
ilr.fac1[37,3] -1.069  0.508  1.199
ilr.fac1[38,3]  0.544 -1.015  3.409
ilr.fac1[39,3]  0.952  0.731 -2.206
ilr.fac1[40,3]  3.340 -0.373 -0.722
ilr.fac1[41,3]  1.336  0.249  0.686
ilr.fac1[42,3]  0.292  0.242  0.348
ilr.fac1[43,3]  0.165 -0.925  1.454
ilr.fac1[44,3]  1.794  1.806 -0.692
ilr.fac1[45,3] -0.675 -0.470 -0.773
ilr.fac1[46,3] -0.335 -0.521  1.562
ilr.fac1[47,3]  1.000 -0.855  0.741
ilr.fac1[48,3]  2.014 -0.113 -0.691
ilr.fac1[49,3]  1.465  0.444 -0.357
ilr.fac1[50,3]  0.654  0.416  1.058
ilr.fac1[51,3]  0.068 -0.137  1.364
ilr.fac1[52,3] -1.598 -0.635  1.724
ilr.fac1[53,3] -4.377 -2.900  1.445
ilr.fac1[54,3] -1.908  0.164 -0.221
ilr.fac1[1,4]  -0.098  1.280 -0.472
ilr.fac1[2,4]   1.085  0.519 -0.737
ilr.fac1[3,4]   0.509  0.820  0.623
ilr.fac1[4,4]   0.962 -1.431  0.384
ilr.fac1[5,4]   2.131 -0.327 -1.342
ilr.fac1[6,4]  -1.853  1.750 -0.235
ilr.fac1[7,4]   1.286  1.233  1.624
ilr.fac1[8,4]  -2.539 -1.556  0.021
ilr.fac1[9,4]   1.295  0.210 -1.496
ilr.fac1[10,4]  1.782  0.732 -0.696
ilr.fac1[11,4]  0.752  0.312 -0.638
ilr.fac1[12,4] -1.136 -0.257 -1.046
ilr.fac1[13,4]  1.844  0.550 -0.814
ilr.fac1[14,4]  0.238 -0.055 -0.925
ilr.fac1[15,4] -2.602 -1.188  1.249
ilr.fac1[16,4]  1.739  0.165 -1.040
ilr.fac1[17,4]  1.481  2.445 -0.606
ilr.fac1[18,4] -2.652 -1.090  1.937
ilr.fac1[19,4]  0.693 -0.548 -0.263
ilr.fac1[20,4]  0.073  2.638 -0.092
ilr.fac1[21,4]  0.827 -0.459 -0.422
ilr.fac1[22,4]  1.433  0.065 -0.003
ilr.fac1[23,4]  0.965 -0.561  1.668
ilr.fac1[24,4]  1.173  0.596 -0.267
ilr.fac1[25,4] -2.564  0.466  0.422
ilr.fac1[26,4]  0.075  0.446 -0.320
ilr.fac1[27,4]  1.112  1.649 -0.587
ilr.fac1[28,4]  2.806  0.406 -0.530
ilr.fac1[29,4] -1.840  0.884  0.839
ilr.fac1[30,4]  0.274  0.179 -0.132
ilr.fac1[31,4] -3.497 -1.590  1.800
ilr.fac1[32,4]  0.631  0.203 -1.442
ilr.fac1[33,4]  1.522  1.585 -2.062
ilr.fac1[34,4] -3.531 -2.820  0.460
ilr.fac1[35,4]  1.407  0.429 -0.616
ilr.fac1[36,4] -2.456 -1.167  2.713
ilr.fac1[37,4]  1.004  0.694 -0.101
ilr.fac1[38,4] -2.777 -2.120  0.983
ilr.fac1[39,4]  2.597  1.358 -0.523
ilr.fac1[40,4]  3.430  2.685 -3.513
ilr.fac1[41,4] -1.355 -2.505  1.540
ilr.fac1[42,4] -0.059  0.333  1.380
ilr.fac1[43,4] -0.185  0.829 -1.269
ilr.fac1[44,4]  0.402  1.055 -0.973
ilr.fac1[45,4]  2.024  0.488 -1.325
ilr.fac1[46,4]  0.642  1.450 -0.959
ilr.fac1[47,4]  2.556  0.377 -1.030
ilr.fac1[48,4]  1.543 -0.026  0.217
ilr.fac1[49,4]  1.330  1.225 -0.938
ilr.fac1[50,4] -2.220 -0.059  0.661
ilr.fac1[51,4] -1.405  0.944  1.754
ilr.fac1[52,4]  1.483  0.438 -1.731
ilr.fac1[53,4] -3.106 -1.075  0.689
ilr.fac1[54,4]  0.997 -0.553 -1.487
loglik[1]       1.423  0.495  0.320
loglik[2]      -0.559 -1.254  0.468
loglik[3]       1.453 -0.222 -1.449
loglik[4]      -1.525  1.755 -1.353
loglik[5]       0.810  1.429  1.491
loglik[6]       2.410  0.996  1.440
loglik[7]      -0.131 -0.093  0.242
loglik[8]       1.166 -1.698  1.696
loglik[9]       0.896  2.031 -1.012
loglik[10]     -1.958 -0.238  1.933
loglik[11]      0.638 -0.019  2.365
loglik[12]     -1.332 -1.994  3.513
loglik[13]      0.870 -0.661 -0.317
loglik[14]      2.102  2.102 -0.831
loglik[15]      1.599  1.953 -1.360
loglik[16]      2.862 -0.714  0.446
loglik[17]     -0.673 -0.793 -0.289
loglik[18]      0.525 -0.089 -0.209
loglik[19]      0.748  1.612 -0.718
loglik[20]      1.146 -2.891  0.952
loglik[21]      0.104 -0.015  0.194
loglik[22]      0.221  2.328 -0.230
loglik[23]      0.884 -0.849 -0.137
loglik[24]      0.019  1.137  0.209
loglik[25]      0.480 -0.649 -0.225
loglik[26]     -0.955 -0.300  0.518
loglik[27]     -3.224  2.330 -1.502
loglik[28]     -0.791 -1.312  2.370
loglik[29]     -2.342 -0.944 -0.514
loglik[30]      1.533 -0.782 -2.922
loglik[31]      0.277 -0.814 -1.789
loglik[32]      1.167 -0.738 -2.595
loglik[33]      0.031 -0.635  0.274
loglik[34]     -0.925 -1.643  0.273
loglik[35]     -0.866 -0.674  0.289
loglik[36]      0.323 -1.245 -0.026
loglik[37]     -2.495 -1.288  3.937
loglik[38]     -0.236  0.722  0.078
loglik[39]     -1.060 -1.276  1.621
loglik[40]     -1.195  1.286 -0.715
loglik[41]     -0.674  1.119  0.258
loglik[42]      0.689 -0.926  1.818
loglik[43]     -1.111 -0.106 -0.675
loglik[44]      0.298  0.263 -0.255
loglik[45]     -1.253 -0.511  1.548
loglik[46]      1.937 -1.021 -0.652
loglik[47]     -1.248  0.176  2.820
loglik[48]     -0.416 -0.847  0.956
loglik[49]      0.145 -0.897  0.452
loglik[50]     -0.586 -2.567  0.179
loglik[51]      0.845 -0.489 -2.126
loglik[52]     -1.920 -0.547  0.277
loglik[53]      2.660 -0.263 -0.231
loglik[54]     -1.213 -0.488  1.470
loglik[55]     -0.522  0.634 -1.970
loglik[56]      0.212  0.716 -0.349
loglik[57]      1.317 -0.817 -0.143
loglik[58]      0.686 -1.309  0.465
loglik[59]     -0.502  0.616  0.930
loglik[60]      1.934  0.403 -3.082
loglik[61]      0.101 -0.646  1.227
loglik[62]      0.554 -0.928 -1.143
loglik[63]     -1.911 -0.868  1.052
loglik[64]     -2.789  0.855  0.354
loglik[65]     -2.240  0.288  0.686
loglik[66]     -0.196 -0.078 -0.440
loglik[67]     -0.437  1.029  1.045
loglik[68]     -0.671 -0.274  0.143
loglik[69]     -1.042 -0.648  1.483
loglik[70]     -1.549 -1.959  0.818
loglik[71]      0.243  0.793  1.254
loglik[72]     -1.163  0.563  1.123
loglik[73]     -1.509 -1.392  0.564
loglik[74]      0.954  0.253 -0.771
loglik[75]      1.042 -0.679  0.568
loglik[76]     -0.913  0.096  1.072
loglik[77]     -0.056 -0.101 -0.471
loglik[78]     -1.258  0.056  1.205
loglik[79]      0.439 -2.304 -0.750
loglik[80]     -0.691 -1.339  0.966
loglik[81]      0.493 -2.657  2.348
loglik[82]     -2.829  0.943  0.425
loglik[83]     -0.452 -0.567 -1.616
loglik[84]     -0.942 -1.200  1.580
loglik[85]     -1.030 -1.532  1.177
loglik[86]     -1.087 -1.522  0.924
loglik[87]      1.631 -0.017 -2.062
loglik[88]      3.285 -0.211 -0.761
loglik[89]      3.820  1.388 -1.997
loglik[90]     -1.558 -0.605 -0.954
loglik[91]     -2.054 -1.292 -0.299
loglik[92]     -1.167  0.749 -1.696
loglik[93]      0.555 -0.502 -1.734
loglik[94]     -0.857 -1.169  0.334
loglik[95]     -2.515 -0.797  1.187
loglik[96]     -1.084 -1.021 -1.565
loglik[97]     -0.318  0.561 -0.056
loglik[98]     -2.554 -2.501 -0.945
loglik[99]     -1.627 -1.237 -0.697
loglik[100]     2.963  1.684 -1.940
loglik[101]     2.910  1.193 -1.775
loglik[102]    -0.615  0.473  1.239
loglik[103]    -0.889  0.175  0.446
loglik[104]     1.618  0.878 -1.510
loglik[105]     1.380 -0.075 -0.719
loglik[106]    -0.835  0.251  0.605
loglik[107]    -0.036  0.469  0.314
loglik[108]     0.353 -0.730 -2.257
loglik[109]    -1.606 -0.714  0.759
loglik[110]    -0.310  2.308  1.408
loglik[111]    -0.610  0.554 -0.780
loglik[112]    -0.226  0.546 -0.624
loglik[113]     1.860  1.200 -2.705
loglik[114]    -0.736  0.597 -0.831
loglik[115]    -0.512  0.936 -1.818
 [ reached 'max' / getOption("max.print") -- omitted 316 rows ]
