
#################################################################
# Summary Statistics
#################################################################

DIC = 154.7359

               Mean    SD  2.5%    5%   25%   50%   75%   95% 97.5%
Epsilon.1     0.150 0.033 0.091 0.101 0.128 0.148 0.171 0.207 0.219
Epsilon.2     0.120 0.026 0.074 0.080 0.102 0.118 0.137 0.165 0.177
Individual.SD 1.414 0.224 1.039 1.095 1.251 1.393 1.552 1.821 1.902
p.global.P01  0.335 0.079 0.191 0.214 0.279 0.331 0.388 0.472 0.496
p.global.P02  0.151 0.065 0.037 0.053 0.104 0.146 0.192 0.263 0.286
p.global.P03  0.335 0.085 0.182 0.203 0.278 0.331 0.387 0.486 0.522
p.global.P04  0.044 0.038 0.002 0.004 0.014 0.034 0.064 0.120 0.139
p.global.P05  0.134 0.046 0.058 0.066 0.101 0.130 0.164 0.215 0.234
p.G01.P01     0.075 0.058 0.003 0.006 0.029 0.063 0.109 0.191 0.216
p.G02.P01     0.175 0.094 0.016 0.027 0.101 0.174 0.242 0.331 0.359
p.G03.P01     0.262 0.117 0.027 0.046 0.181 0.278 0.350 0.436 0.456
p.G04.P01     0.205 0.101 0.018 0.032 0.130 0.212 0.278 0.363 0.388
p.G05.P01     0.305 0.149 0.026 0.051 0.198 0.313 0.409 0.540 0.590
p.G06.P01     0.089 0.065 0.005 0.008 0.035 0.077 0.130 0.212 0.242
p.G07.P01     0.066 0.049 0.003 0.006 0.027 0.055 0.094 0.161 0.184
p.G08.P01     0.837 0.087 0.651 0.685 0.777 0.846 0.903 0.964 0.978
p.G09.P01     0.240 0.126 0.025 0.039 0.141 0.240 0.333 0.446 0.482
p.G10.P01     0.582 0.116 0.336 0.383 0.509 0.588 0.662 0.759 0.787
p.G11.P01     0.288 0.139 0.026 0.044 0.186 0.297 0.386 0.508 0.539
p.G12.P01     0.508 0.162 0.113 0.187 0.423 0.520 0.614 0.754 0.796
p.G13.P01     0.116 0.074 0.007 0.013 0.056 0.108 0.167 0.247 0.279
p.G14.P01     0.391 0.142 0.088 0.142 0.298 0.400 0.486 0.617 0.655
p.G15.P01     0.529 0.163 0.124 0.211 0.442 0.550 0.639 0.761 0.804
p.G16.P01     0.051 0.041 0.003 0.005 0.019 0.040 0.073 0.131 0.156
p.G17.P01     0.128 0.077 0.009 0.017 0.066 0.121 0.181 0.265 0.291
p.G18.P01     0.785 0.115 0.547 0.586 0.709 0.793 0.873 0.956 0.972
p.G19.P01     0.271 0.154 0.014 0.025 0.133 0.290 0.390 0.507 0.535
p.G20.P01     0.063 0.045 0.005 0.007 0.026 0.053 0.089 0.149 0.170
p.G21.P01     0.620 0.149 0.303 0.374 0.534 0.623 0.714 0.868 0.907
p.G22.P01     0.546 0.150 0.185 0.263 0.470 0.563 0.638 0.770 0.811
p.G23.P01     0.642 0.119 0.378 0.449 0.577 0.646 0.719 0.825 0.864
p.G24.P01     0.205 0.116 0.016 0.029 0.112 0.198 0.290 0.402 0.439
p.G25.P01     0.120 0.078 0.008 0.015 0.059 0.107 0.170 0.267 0.295
p.G26.P01     0.079 0.064 0.005 0.008 0.029 0.062 0.114 0.206 0.238
p.G27.P01     0.381 0.141 0.075 0.119 0.296 0.391 0.477 0.600 0.641
p.G28.P01     0.186 0.102 0.019 0.031 0.107 0.182 0.258 0.368 0.402
p.G29.P01     0.495 0.145 0.143 0.233 0.413 0.511 0.595 0.706 0.742
p.G30.P01     0.032 0.029 0.001 0.002 0.011 0.023 0.045 0.090 0.108
p.G31.P01     0.654 0.132 0.373 0.432 0.576 0.662 0.742 0.857 0.892
p.G32.P01     0.111 0.074 0.008 0.014 0.053 0.099 0.158 0.248 0.279
p.G33.P01     0.170 0.090 0.014 0.027 0.099 0.169 0.234 0.320 0.350
p.G35.P01     0.584 0.145 0.279 0.344 0.494 0.590 0.681 0.811 0.853
p.G36.P01     0.406 0.139 0.101 0.163 0.318 0.414 0.499 0.625 0.660
p.G37.P01     0.769 0.121 0.522 0.565 0.686 0.773 0.861 0.952 0.968
p.G38.P01     0.106 0.070 0.008 0.013 0.049 0.097 0.153 0.234 0.262
p.G39.P01     0.764 0.124 0.505 0.552 0.678 0.773 0.861 0.952 0.966
p.G40.P01     0.068 0.053 0.004 0.007 0.026 0.055 0.096 0.171 0.201
p.G41.P01     0.134 0.084 0.010 0.017 0.065 0.124 0.193 0.285 0.309
p.G42.P01     0.657 0.127 0.381 0.447 0.583 0.671 0.741 0.842 0.880
p.G43.P01     0.164 0.089 0.017 0.026 0.094 0.164 0.227 0.311 0.341
p.G44.P01     0.181 0.103 0.015 0.027 0.098 0.175 0.253 0.365 0.400
p.G45.P01     0.398 0.148 0.058 0.113 0.311 0.417 0.495 0.614 0.661
p.G46.P01     0.226 0.113 0.028 0.045 0.143 0.222 0.306 0.415 0.457
p.G47.P01     0.561 0.128 0.278 0.332 0.485 0.570 0.649 0.749 0.783
p.G48.P01     0.068 0.057 0.003 0.006 0.024 0.054 0.098 0.183 0.216
p.G49.P01     0.212 0.102 0.022 0.040 0.138 0.214 0.284 0.377 0.405
p.G50.P01     0.193 0.099 0.016 0.031 0.118 0.192 0.265 0.357 0.381
p.G51.P01     0.140 0.084 0.013 0.020 0.071 0.131 0.199 0.289 0.317
p.G52.P01     0.119 0.076 0.007 0.014 0.057 0.110 0.171 0.256 0.287
p.G53.P01     0.132 0.080 0.012 0.020 0.069 0.122 0.184 0.276 0.308
p.G54.P01     0.744 0.124 0.505 0.547 0.657 0.744 0.833 0.951 0.968
p.G55.P01     0.114 0.073 0.008 0.013 0.054 0.106 0.163 0.249 0.274
p.G01.P02     0.070 0.074 0.001 0.002 0.015 0.045 0.102 0.223 0.257
p.G02.P02     0.193 0.158 0.004 0.008 0.059 0.160 0.290 0.503 0.571
p.G03.P02     0.176 0.170 0.003 0.006 0.043 0.115 0.261 0.542 0.589
p.G04.P02     0.115 0.146 0.002 0.004 0.021 0.060 0.134 0.464 0.573
p.G05.P02     0.322 0.218 0.005 0.010 0.097 0.356 0.505 0.647 0.687
p.G06.P02     0.051 0.065 0.001 0.002 0.010 0.028 0.069 0.171 0.231
p.G07.P02     0.239 0.154 0.005 0.012 0.115 0.235 0.342 0.501 0.563
p.G08.P02     0.041 0.040 0.001 0.002 0.011 0.028 0.058 0.122 0.146
p.G09.P02     0.148 0.125 0.005 0.008 0.043 0.113 0.234 0.392 0.435
p.G10.P02     0.031 0.031 0.001 0.002 0.010 0.022 0.044 0.091 0.115
p.G11.P02     0.142 0.127 0.004 0.007 0.036 0.102 0.225 0.394 0.442
p.G12.P02     0.083 0.083 0.003 0.004 0.021 0.055 0.118 0.258 0.305
p.G13.P02     0.310 0.192 0.006 0.015 0.160 0.306 0.440 0.652 0.705
p.G14.P02     0.130 0.111 0.003 0.006 0.037 0.103 0.197 0.348 0.400
p.G15.P02     0.095 0.103 0.002 0.004 0.022 0.055 0.135 0.317 0.379
p.G16.P02     0.695 0.161 0.342 0.446 0.604 0.711 0.806 0.913 0.938
p.G17.P02     0.175 0.140 0.004 0.007 0.058 0.150 0.259 0.441 0.500
p.G18.P02     0.037 0.036 0.001 0.002 0.010 0.026 0.052 0.109 0.129
p.G19.P02     0.160 0.188 0.002 0.003 0.020 0.060 0.292 0.538 0.572
p.G20.P02     0.427 0.165 0.037 0.116 0.335 0.429 0.533 0.696 0.763
p.G21.P02     0.148 0.122 0.002 0.005 0.036 0.122 0.240 0.371 0.404
p.G22.P02     0.181 0.138 0.003 0.006 0.049 0.169 0.296 0.407 0.445
p.G23.P02     0.125 0.096 0.004 0.007 0.040 0.108 0.197 0.296 0.331
p.G24.P02     0.151 0.136 0.004 0.007 0.036 0.103 0.246 0.423 0.456
p.G25.P02     0.093 0.096 0.002 0.004 0.022 0.061 0.133 0.284 0.340
p.G26.P02     0.096 0.112 0.002 0.004 0.019 0.050 0.128 0.371 0.411
p.G27.P02     0.115 0.097 0.003 0.007 0.034 0.090 0.170 0.304 0.350
p.G28.P02     0.141 0.114 0.005 0.008 0.046 0.112 0.212 0.367 0.404
p.G29.P02     0.126 0.105 0.003 0.007 0.038 0.098 0.190 0.331 0.365
p.G30.P02     0.128 0.116 0.001 0.002 0.028 0.098 0.206 0.352 0.398
p.G31.P02     0.077 0.069 0.002 0.003 0.022 0.057 0.114 0.211 0.246
p.G32.P02     0.106 0.098 0.003 0.006 0.030 0.077 0.157 0.309 0.356
p.G33.P02     0.291 0.180 0.007 0.019 0.153 0.283 0.417 0.608 0.659
p.G35.P02     0.084 0.074 0.002 0.005 0.024 0.063 0.127 0.232 0.268
p.G36.P02     0.117 0.096 0.004 0.007 0.040 0.091 0.176 0.309 0.340
p.G37.P02     0.034 0.032 0.001 0.002 0.010 0.024 0.050 0.098 0.120
p.G38.P02     0.186 0.139 0.004 0.008 0.070 0.169 0.275 0.436 0.502
p.G39.P02     0.041 0.039 0.001 0.002 0.011 0.029 0.059 0.120 0.143
p.G40.P02     0.191 0.144 0.003 0.006 0.067 0.175 0.285 0.442 0.512
p.G41.P02     0.353 0.218 0.005 0.012 0.176 0.362 0.523 0.698 0.733
p.G42.P02     0.093 0.077 0.002 0.005 0.029 0.075 0.139 0.249 0.277
p.G43.P02     0.163 0.139 0.003 0.006 0.049 0.129 0.252 0.426 0.488
p.G44.P02     0.146 0.131 0.003 0.007 0.040 0.104 0.226 0.412 0.457
p.G45.P02     0.265 0.166 0.007 0.014 0.117 0.271 0.394 0.526 0.576
p.G46.P02     0.126 0.100 0.005 0.009 0.043 0.101 0.192 0.321 0.358
p.G47.P02     0.046 0.044 0.002 0.003 0.014 0.032 0.063 0.132 0.165
p.G48.P02     0.684 0.188 0.070 0.341 0.603 0.711 0.811 0.918 0.940
p.G49.P02     0.247 0.169 0.006 0.015 0.107 0.228 0.362 0.560 0.617
p.G50.P02     0.400 0.204 0.010 0.023 0.264 0.437 0.552 0.689 0.724
 [ reached getOption("max.print") -- omitted 167 rows ]
