
################################################################################
# Gelman-Rubin Diagnostic
################################################################################

Generally the Gelman diagnostic should be < 1.05


Out of 867 variables: 331 > 1.01

                      
44 > 1.05

                      
4 > 1.1


The worst variables are:

             Point est. Upper C.I.
p.global[2]    1.131354   1.399368
p.fac1[47,7]   1.118963   1.213740
p.global[5]    1.111302   1.340682
p.fac1[6,7]    1.100162   1.315125
p.fac1[51,2]   1.089121   1.286070
p.fac1[54,2]   1.089055   1.285985
p.global[7]    1.088946   1.274209
p.fac1[4,7]    1.088664   1.280741
p.fac1[50,2]   1.088314   1.282683
p.fac1[4,2]    1.087587   1.280410


And here are the Gelman diagnostics for all variables:

               Point est. Upper C.I.
deviance        0.9997027  1.0001387
fac1.sig        1.0675684  1.2142595
ilr.fac1[1,1]   1.0072854  1.0249673
ilr.fac1[2,1]   1.0066673  1.0095780
ilr.fac1[3,1]   1.0179492  1.0198322
ilr.fac1[4,1]   1.0164976  1.0309824
ilr.fac1[5,1]   1.0083101  1.0264167
ilr.fac1[6,1]   1.0146362  1.0472917
ilr.fac1[7,1]   1.0079583  1.0124264
ilr.fac1[8,1]   1.0133565  1.0196327
ilr.fac1[9,1]   1.0041078  1.0099843
ilr.fac1[10,1]  1.0161769  1.0525646
ilr.fac1[11,1]  1.0060058  1.0142975
ilr.fac1[12,1]  1.0022635  1.0039039
ilr.fac1[13,1]  1.0095600  1.0309017
ilr.fac1[14,1]  1.0002034  1.0006199
ilr.fac1[15,1]  1.0054945  1.0085972
ilr.fac1[16,1]  1.0447054  1.1460887
ilr.fac1[17,1]  1.0084523  1.0127738
ilr.fac1[18,1]  1.0111753  1.0150006
ilr.fac1[19,1]  1.0103238  1.0262114
ilr.fac1[20,1]  1.0351389  1.1180358
ilr.fac1[21,1]  1.0035958  1.0037184
ilr.fac1[22,1]  1.0097815  1.0192651
ilr.fac1[23,1]  1.0044704  1.0137460
ilr.fac1[24,1]  1.0025076  1.0041948
ilr.fac1[25,1]  1.0021025  1.0069231
ilr.fac1[26,1]  1.0063117  1.0079685
ilr.fac1[27,1]  1.0021909  1.0065161
ilr.fac1[28,1]  1.0167792  1.0355711
ilr.fac1[29,1]  1.0086947  1.0148620
ilr.fac1[30,1]  1.0058088  1.0200593
ilr.fac1[31,1]  1.0030561  1.0055962
ilr.fac1[32,1]  1.0041363  1.0073745
ilr.fac1[33,1]  1.0081589  1.0262497
ilr.fac1[34,1]  1.0063259  1.0110915
ilr.fac1[35,1]  1.0078828  1.0123498
ilr.fac1[36,1]  1.0000751  1.0018168
ilr.fac1[37,1]  1.0025400  1.0045863
ilr.fac1[38,1]  1.0097270  1.0123867
ilr.fac1[39,1]  1.0032199  1.0057607
ilr.fac1[40,1]  1.0231147  1.0622511
ilr.fac1[41,1]  1.0034427  1.0071792
ilr.fac1[42,1]  1.0128117  1.0163410
ilr.fac1[43,1]  1.0102713  1.0171513
ilr.fac1[44,1]  1.0050575  1.0134535
ilr.fac1[45,1]  1.0157034  1.0172968
ilr.fac1[46,1]  1.0115543  1.0368878
ilr.fac1[47,1]  1.0349037  1.1148962
ilr.fac1[48,1]  1.0077495  1.0189421
ilr.fac1[49,1]  1.0091615  1.0322692
ilr.fac1[50,1]  1.0112756  1.0377765
ilr.fac1[51,1]  1.0124608  1.0379679
ilr.fac1[52,1]  1.0060670  1.0083553
ilr.fac1[53,1]  1.0042165  1.0083396
ilr.fac1[54,1]  1.0101514  1.0265814
ilr.fac1[1,2]   1.0098955  1.0183631
ilr.fac1[2,2]   1.0018201  1.0025166
ilr.fac1[3,2]   1.0017361  1.0036482
ilr.fac1[4,2]   1.0040351  1.0098229
ilr.fac1[5,2]   1.0014190  1.0030973
ilr.fac1[6,2]   1.0042540  1.0059510
ilr.fac1[7,2]   1.0103029  1.0279070
ilr.fac1[8,2]   1.0063529  1.0083846
ilr.fac1[9,2]   1.0034152  1.0043559
ilr.fac1[10,2]  1.0009602  1.0059379
ilr.fac1[11,2]  1.0045896  1.0076021
ilr.fac1[12,2]  1.0149449  1.0349177
ilr.fac1[13,2]  1.0045781  1.0054473
ilr.fac1[14,2]  1.0025794  1.0098417
ilr.fac1[15,2]  1.0003981  1.0030481
ilr.fac1[16,2]  1.0058214  1.0190142
ilr.fac1[17,2]  1.0039679  1.0099037
ilr.fac1[18,2]  1.0060306  1.0066915
ilr.fac1[19,2]  1.0084029  1.0288727
ilr.fac1[20,2]  1.0129356  1.0247439
ilr.fac1[21,2]  1.0025538  1.0085463
ilr.fac1[22,2]  1.0042516  1.0048210
ilr.fac1[23,2]  1.0033950  1.0053864
ilr.fac1[24,2]  1.0039685  1.0049166
ilr.fac1[25,2]  1.0071575  1.0129557
ilr.fac1[26,2]  1.0158402  1.0521106
ilr.fac1[27,2]  1.0035661  1.0066121
ilr.fac1[28,2]  1.0058092  1.0117001
ilr.fac1[29,2]  0.9998876  1.0000004
ilr.fac1[30,2]  1.0044207  1.0156468
ilr.fac1[31,2]  1.0027414  1.0031540
ilr.fac1[32,2]  1.0034571  1.0111044
ilr.fac1[33,2]  1.0003424  1.0013746
ilr.fac1[34,2]  1.0087932  1.0198628
ilr.fac1[35,2]  1.0087053  1.0127954
ilr.fac1[36,2]  1.0126504  1.0340811
ilr.fac1[37,2]  1.0025557  1.0026745
ilr.fac1[38,2]  1.0069251  1.0145910
ilr.fac1[39,2]  1.0037117  1.0062335
ilr.fac1[40,2]  1.0070872  1.0089899
ilr.fac1[41,2]  1.0066302  1.0073162
ilr.fac1[42,2]  1.0042639  1.0078336
ilr.fac1[43,2]  1.0063644  1.0155517
ilr.fac1[44,2]  1.0075096  1.0198702
ilr.fac1[45,2]  1.0069596  1.0134978
ilr.fac1[46,2]  1.0031600  1.0035733
ilr.fac1[47,2]  1.0091780  1.0177491
ilr.fac1[48,2]  1.0032868  1.0081813
ilr.fac1[49,2]  1.0056634  1.0113848
ilr.fac1[50,2]  1.0079993  1.0142879
ilr.fac1[51,2]  1.0083118  1.0147331
ilr.fac1[52,2]  1.0132098  1.0437297
ilr.fac1[53,2]  1.0087531  1.0192381
ilr.fac1[54,2]  1.0074575  1.0105688
ilr.fac1[1,3]   1.0062665  1.0153263
ilr.fac1[2,3]   1.0077958  1.0079729
ilr.fac1[3,3]   1.0078459  1.0165750
ilr.fac1[4,3]   1.0028524  1.0088820
ilr.fac1[5,3]   1.0165648  1.0448324
ilr.fac1[6,3]   1.0045943  1.0070871
ilr.fac1[7,3]   1.0138549  1.0182485
ilr.fac1[8,3]   1.0020565  1.0020812
ilr.fac1[9,3]   1.0009028  1.0035983
ilr.fac1[10,3]  1.0077315  1.0100687
ilr.fac1[11,3]  1.0070280  1.0157290
ilr.fac1[12,3]  1.0042574  1.0109311
ilr.fac1[13,3]  1.0169439  1.0265338
ilr.fac1[14,3]  1.0074517  1.0160167
ilr.fac1[15,3]  1.0008610  1.0024923
ilr.fac1[16,3]  1.0113850  1.0355459
ilr.fac1[17,3]  1.0048838  1.0147399
ilr.fac1[18,3]  1.0037765  1.0052378
ilr.fac1[19,3]  1.0067827  1.0093350
ilr.fac1[20,3]  1.0073993  1.0125186
ilr.fac1[21,3]  1.0111348  1.0171445
ilr.fac1[22,3]  1.0066098  1.0206577
ilr.fac1[23,3]  1.0043074  1.0140779
ilr.fac1[24,3]  1.0070854  1.0229635
ilr.fac1[25,3]  1.0030383  1.0030487
ilr.fac1[26,3]  1.0062990  1.0203844
ilr.fac1[27,3]  1.0095299  1.0168577
ilr.fac1[28,3]  1.0015306  1.0044418
ilr.fac1[29,3]  1.0137021  1.0248655
ilr.fac1[30,3]  1.0042413  1.0168608
ilr.fac1[31,3]  1.0026809  1.0057768
ilr.fac1[32,3]  1.0020347  1.0046794
ilr.fac1[33,3]  1.0073183  1.0074879
ilr.fac1[34,3]  1.0074668  1.0101423
ilr.fac1[35,3]  1.0052528  1.0111422
ilr.fac1[36,3]  1.0032470  1.0077214
ilr.fac1[37,3]  1.0139306  1.0318445
ilr.fac1[38,3]  1.0088394  1.0202026
ilr.fac1[39,3]  1.0105433  1.0229407
ilr.fac1[40,3]  1.0057844  1.0124019
ilr.fac1[41,3]  1.0045124  1.0076359
ilr.fac1[42,3]  1.0046513  1.0121066
ilr.fac1[43,3]  1.0113905  1.0128056
ilr.fac1[44,3]  1.0102179  1.0286448
ilr.fac1[45,3]  1.0089538  1.0236367
ilr.fac1[46,3]  1.0069597  1.0081352
ilr.fac1[47,3]  1.0056317  1.0178861
ilr.fac1[48,3]  1.0033460  1.0044473
ilr.fac1[49,3]  1.0100880  1.0227579
ilr.fac1[50,3]  1.0007104  1.0040195
ilr.fac1[51,3]  1.0103030  1.0349191
ilr.fac1[52,3]  1.0050961  1.0099429
ilr.fac1[53,3]  1.0048825  1.0172722
ilr.fac1[54,3]  1.0183813  1.0502955
ilr.fac1[1,4]   1.0068847  1.0217316
ilr.fac1[2,4]   1.0058503  1.0070810
ilr.fac1[3,4]   1.0037801  1.0054846
ilr.fac1[4,4]   1.0037672  1.0110269
ilr.fac1[5,4]   1.0046994  1.0048028
ilr.fac1[6,4]   1.0074123  1.0220492
ilr.fac1[7,4]   1.0003834  1.0021044
ilr.fac1[8,4]   1.0012865  1.0061637
ilr.fac1[9,4]   1.0043221  1.0063621
ilr.fac1[10,4]  1.0219093  1.0764131
ilr.fac1[11,4]  1.0113743  1.0165004
ilr.fac1[12,4]  1.0003114  1.0011717
ilr.fac1[13,4]  1.0107430  1.0134830
ilr.fac1[14,4]  1.0041137  1.0057451
ilr.fac1[15,4]  1.0021736  1.0058924
ilr.fac1[16,4]  1.0017523  1.0025496
ilr.fac1[17,4]  1.0037857  1.0077091
ilr.fac1[18,4]  1.0059112  1.0094640
ilr.fac1[19,4]  1.0043939  1.0060028
ilr.fac1[20,4]  1.0041467  1.0060785
ilr.fac1[21,4]  1.0043981  1.0050383
ilr.fac1[22,4]  1.0080237  1.0161052
ilr.fac1[23,4]  1.0066256  1.0088207
ilr.fac1[24,4]  1.0102742  1.0164124
ilr.fac1[25,4]  1.0007458  1.0034957
ilr.fac1[26,4]  1.0085259  1.0296528
ilr.fac1[27,4]  1.0107883  1.0179206
ilr.fac1[28,4]  1.0061924  1.0088209
ilr.fac1[29,4]  1.0035377  1.0058531
ilr.fac1[30,4]  1.0051256  1.0156848
ilr.fac1[31,4]  1.0081067  1.0108292
ilr.fac1[32,4]  1.0064344  1.0121666
ilr.fac1[33,4]  1.0052651  1.0082322
ilr.fac1[34,4]  1.0066954  1.0090979
ilr.fac1[35,4]  1.0166123  1.0310391
ilr.fac1[36,4]  1.0116890  1.0143110
ilr.fac1[37,4]  1.0050875  1.0083252
ilr.fac1[38,4]  1.0134048  1.0145347
ilr.fac1[39,4]  1.0036735  1.0070670
ilr.fac1[40,4]  1.0080517  1.0099800
ilr.fac1[41,4]  1.0093037  1.0179925
ilr.fac1[42,4]  1.0113538  1.0148865
ilr.fac1[43,4]  1.0042067  1.0061679
ilr.fac1[44,4]  1.0164739  1.0327788
ilr.fac1[45,4]  1.0268533  1.0341018
ilr.fac1[46,4]  1.0239605  1.0808245
ilr.fac1[47,4]  1.0035938  1.0056189
ilr.fac1[48,4]  1.0042294  1.0083496
ilr.fac1[49,4]  1.0033488  1.0068574
ilr.fac1[50,4]  1.0058592  1.0186142
ilr.fac1[51,4]  1.0060947  1.0166487
ilr.fac1[52,4]  1.0122511  1.0139003
ilr.fac1[53,4]  1.0124566  1.0198226
ilr.fac1[54,4]  1.0020588  1.0060894
ilr.fac1[1,5]   1.0023985  1.0035424
ilr.fac1[2,5]   1.0010780  1.0025572
ilr.fac1[3,5]   1.0117215  1.0146014
ilr.fac1[4,5]   1.0116780  1.0266195
ilr.fac1[5,5]   1.0023263  1.0086816
ilr.fac1[6,5]   1.0020913  1.0072358
ilr.fac1[7,5]   1.0005956  1.0020479
ilr.fac1[8,5]   1.0170872  1.0187190
ilr.fac1[9,5]   1.0064667  1.0183818
ilr.fac1[10,5]  1.0048511  1.0126137
ilr.fac1[11,5]  1.0060613  1.0067270
ilr.fac1[12,5]  1.0042234  1.0070213
ilr.fac1[13,5]  1.0031495  1.0099197
ilr.fac1[14,5]  1.0037725  1.0055132
ilr.fac1[15,5]  1.0026773  1.0032035
ilr.fac1[16,5]  1.0105590  1.0230102
ilr.fac1[17,5]  1.0054168  1.0074201
ilr.fac1[18,5]  1.0178468  1.0353543
ilr.fac1[19,5]  1.0071777  1.0162286
ilr.fac1[20,5]  1.0036594  1.0112588
ilr.fac1[21,5]  1.0113774  1.0290476
ilr.fac1[22,5]  1.0046470  1.0091559
ilr.fac1[23,5]  1.0062249  1.0158936
ilr.fac1[24,5]  1.0123297  1.0230971
ilr.fac1[25,5]  1.0093935  1.0149514
ilr.fac1[26,5]  1.0040781  1.0118370
ilr.fac1[27,5]  1.0033048  1.0033580
ilr.fac1[28,5]  1.0091306  1.0230379
ilr.fac1[29,5]  1.0063665  1.0162093
ilr.fac1[30,5]  1.0030551  1.0036337
ilr.fac1[31,5]  1.0116801  1.0198390
ilr.fac1[32,5]  0.9997351  1.0012561
ilr.fac1[33,5]  1.0104743  1.0271909
ilr.fac1[34,5]  1.0100608  1.0123770
ilr.fac1[35,5]  1.0066469  1.0078102
ilr.fac1[36,5]  1.0115509  1.0260468
ilr.fac1[37,5]  1.0041110  1.0044428
ilr.fac1[38,5]  1.0187916  1.0279219
ilr.fac1[39,5]  1.0020623  1.0025984
ilr.fac1[40,5]  1.0128498  1.0353919
ilr.fac1[41,5]  1.0076444  1.0092057
ilr.fac1[42,5]  1.0135009  1.0154428
ilr.fac1[43,5]  1.0210470  1.0526717
ilr.fac1[44,5]  1.0021739  1.0083231
ilr.fac1[45,5]  1.0070930  1.0121878
ilr.fac1[46,5]  1.0048556  1.0170524
ilr.fac1[47,5]  1.0028643  1.0083867
ilr.fac1[48,5]  1.0049112  1.0075286
ilr.fac1[49,5]  1.0078581  1.0242965
ilr.fac1[50,5]  1.0027882  1.0077954
ilr.fac1[51,5]  1.0071083  1.0159524
ilr.fac1[52,5]  1.0029799  1.0093628
ilr.fac1[53,5]  1.0121428  1.0301241
ilr.fac1[54,5]  1.0067969  1.0207662
ilr.fac1[1,6]   1.0486226  1.1643645
ilr.fac1[2,6]   1.0074486  1.0271518
ilr.fac1[3,6]   1.0176619  1.0539492
ilr.fac1[4,6]   1.0448399  1.1510333
ilr.fac1[5,6]   1.0200318  1.0474324
ilr.fac1[6,6]   1.0647358  1.2123719
ilr.fac1[7,6]   1.0521218  1.1742746
ilr.fac1[8,6]   1.0043774  1.0176037
ilr.fac1[9,6]   1.0191867  1.0687061
ilr.fac1[10,6]  1.0216076  1.0759443
ilr.fac1[11,6]  1.0054842  1.0206398
ilr.fac1[12,6]  1.0172802  1.0599509
ilr.fac1[13,6]  1.0216337  1.0765613
ilr.fac1[14,6]  1.0112180  1.0404192
ilr.fac1[15,6]  1.0038637  1.0142203
ilr.fac1[16,6]  1.0057617  1.0178338
ilr.fac1[17,6]  1.0359420  1.1185092
ilr.fac1[18,6]  1.0078600  1.0162581
ilr.fac1[19,6]  1.0019681  1.0098415
ilr.fac1[20,6]  1.0130840  1.0488877
ilr.fac1[21,6]  1.0194342  1.0655815
ilr.fac1[22,6]  1.0152090  1.0495262
ilr.fac1[23,6]  1.0103092  1.0383656
ilr.fac1[24,6]  1.0234588  1.0797392
ilr.fac1[25,6]  1.0238313  1.0844679
ilr.fac1[26,6]  1.0188561  1.0637509
ilr.fac1[27,6]  1.0172286  1.0614923
ilr.fac1[28,6]  1.0125234  1.0458339
ilr.fac1[29,6]  1.0038370  1.0053601
ilr.fac1[30,6]  1.0537148  1.1799802
ilr.fac1[31,6]  1.0024168  1.0093139
ilr.fac1[32,6]  0.9999949  1.0020613
ilr.fac1[33,6]  1.0084801  1.0155972
ilr.fac1[34,6]  1.0019194  1.0064678
ilr.fac1[35,6]  1.0136772  1.0508240
ilr.fac1[36,6]  1.0074818  1.0235607
ilr.fac1[37,6]  1.0460605  1.1525209
ilr.fac1[38,6]  1.0048413  1.0168331
ilr.fac1[39,6]  1.0466557  1.1563631
ilr.fac1[40,6]  1.0079498  1.0280883
ilr.fac1[41,6]  1.0131718  1.0450905
ilr.fac1[42,6]  1.0168495  1.0606286
ilr.fac1[43,6]  1.0035952  1.0095793
ilr.fac1[44,6]  1.0062089  1.0219016
ilr.fac1[45,6]  1.0118153  1.0338535
ilr.fac1[46,6]  1.0224655  1.0773112
ilr.fac1[47,6]  1.0077201  1.0160131
ilr.fac1[48,6]  1.0015482  1.0072805
ilr.fac1[49,6]  1.0027393  1.0085827
ilr.fac1[50,6]  1.0275450  1.0915546
ilr.fac1[51,6]  1.0373714  1.1280246
ilr.fac1[52,6]  1.0097602  1.0375349
ilr.fac1[53,6]  1.0150996  1.0541378
ilr.fac1[54,6]  1.0400024  1.1353993
loglik[1]       1.0056519  1.0214585
loglik[2]       1.0000500  1.0024631
loglik[3]       1.0019320  1.0079330
loglik[4]       0.9995657  0.9999195
loglik[5]       1.0022176  1.0038409
loglik[6]       1.0016024  1.0077121
loglik[7]       1.0054535  1.0202862
loglik[8]       1.0048168  1.0164240
loglik[9]       1.0015699  1.0048308
loglik[10]      1.0054795  1.0101747
loglik[11]      1.0114511  1.0432927
loglik[12]      0.9993933  0.9994826
loglik[13]      1.0005299  1.0028552
loglik[14]      1.0004543  1.0029697
loglik[15]      1.0000371  1.0019934
loglik[16]      1.0009961  1.0055879
loglik[17]      1.0020311  1.0045072
loglik[18]      1.0005537  1.0038465
loglik[19]      1.0023108  1.0059420
loglik[20]      1.0005536  1.0045226
loglik[21]      1.0088331  1.0193233
loglik[22]      1.0017242  1.0088238
loglik[23]      0.9993877  1.0003770
loglik[24]      1.0010731  1.0047575
loglik[25]      1.0043662  1.0143636
loglik[26]      1.0033046  1.0116923
loglik[27]      1.0009634  1.0060225
loglik[28]      1.0050658  1.0140168
loglik[29]      1.0134034  1.0360192
loglik[30]      0.9992592  0.9993321
loglik[31]      0.9997729  0.9999362
loglik[32]      0.9994364  0.9995020
loglik[33]      1.0063048  1.0240596
loglik[34]      1.0107918  1.0303429
loglik[35]      1.0071764  1.0197330
loglik[36]      1.0132133  1.0236507
loglik[37]      1.0015117  1.0051528
loglik[38]      0.9998302  1.0001979
loglik[39]      1.0039812  1.0158090
loglik[40]      1.0024978  1.0113481
loglik[41]      1.0004376  1.0021848
loglik[42]      1.0014005  1.0057559
loglik[43]      1.0001620  1.0006969
loglik[44]      1.0012364  1.0069258
loglik[45]      1.0031747  1.0097392
loglik[46]      1.0026487  1.0100381
loglik[47]      0.9995538  0.9998938
loglik[48]      1.0058012  1.0128900
loglik[49]      1.0026499  1.0059829
loglik[50]      1.0097971  1.0241003
loglik[51]      1.0002849  1.0037153
loglik[52]      1.0207359  1.0739106
loglik[53]      1.0035503  1.0101946
loglik[54]      1.0072788  1.0105004
loglik[55]      1.0009307  1.0051246
loglik[56]      1.0001664  1.0016868
loglik[57]      1.0013290  1.0030189
loglik[58]      1.0018477  1.0018946
loglik[59]      0.9994759  1.0003008
loglik[60]      1.0010422  1.0037827
loglik[61]      1.0053671  1.0193128
loglik[62]      1.0085016  1.0263277
loglik[63]      1.0007452  1.0007614
loglik[64]      1.0032619  1.0108777
loglik[65]      1.0020377  1.0025074
loglik[66]      0.9994857  1.0004111
loglik[67]      1.0036687  1.0099771
loglik[68]      1.0027982  1.0101334
loglik[69]      1.0020577  1.0047905
loglik[70]      1.0025777  1.0077773
loglik[71]      1.0050351  1.0182456
loglik[72]      1.0023744  1.0071863
loglik[73]      0.9998515  1.0007339
loglik[74]      1.0022046  1.0042622
loglik[75]      1.0267550  1.0897133
loglik[76]      1.0080621  1.0256705
loglik[77]      1.0012647  1.0056697
loglik[78]      1.0073960  1.0255976
loglik[79]      1.0010087  1.0027354
loglik[80]      1.0038081  1.0094412
loglik[81]      0.9991640  0.9995917
loglik[82]      1.0034338  1.0126370
loglik[83]      1.0065636  1.0233383
loglik[84]      0.9997985  1.0008758
loglik[85]      1.0000317  1.0007919
loglik[86]      1.0069560  1.0191495
loglik[87]      1.0008524  1.0040825
loglik[88]      1.0165668  1.0503502
loglik[89]      1.0031080  1.0114968
loglik[90]      1.0004705  1.0011896
loglik[91]      1.0042360  1.0049808
loglik[92]      1.0016480  1.0024213
loglik[93]      1.0085709  1.0236905
loglik[94]      1.0057680  1.0161845
loglik[95]      1.0022118  1.0034528
loglik[96]      0.9997351  1.0004631
loglik[97]      1.0035735  1.0101606
loglik[98]      1.0017455  1.0028290
loglik[99]      1.0095338  1.0339471
loglik[100]     1.0012700  1.0028453
loglik[101]     1.0007414  1.0025535
loglik[102]     1.0002633  1.0026551
loglik[103]     1.0001729  1.0004789
loglik[104]     1.0039897  1.0041895
loglik[105]     0.9994567  1.0000997
loglik[106]     1.0022544  1.0072712
loglik[107]     1.0031361  1.0081656
loglik[108]     0.9996632  1.0010614
loglik[109]     1.0019666  1.0093263
loglik[110]     1.0675603  1.2199744
loglik[111]     1.0041764  1.0169360
loglik[112]     1.0022347  1.0102129
loglik[113]     1.0048969  1.0146300
loglik[114]     0.9999991  1.0013360
loglik[115]     1.0010887  1.0037481
loglik[116]     1.0027627  1.0099781
loglik[117]     1.0010408  1.0030020
loglik[118]     1.0020462  1.0065026
loglik[119]     1.0038677  1.0125810
loglik[120]     1.0032275  1.0134847
loglik[121]     1.0059824  1.0223830
loglik[122]     1.0013245  1.0027632
loglik[123]     1.0003665  1.0033060
loglik[124]     1.0046792  1.0127889
loglik[125]     1.0112797  1.0360108
loglik[126]     1.0003206  1.0026265
loglik[127]     1.0004932  1.0035348
loglik[128]     1.0031673  1.0136490
loglik[129]     1.0033397  1.0143926
loglik[130]     1.0012055  1.0020846
loglik[131]     1.0046992  1.0183091
loglik[132]     0.9994188  1.0003204
loglik[133]     1.0005457  1.0010881
loglik[134]     1.0005339  1.0041571
loglik[135]     1.0042179  1.0068686
loglik[136]     1.0061364  1.0176996
loglik[137]     1.0048603  1.0139747
loglik[138]     1.0010263  1.0035856
loglik[139]     0.9990878  0.9992267
loglik[140]     0.9994058  1.0004838
loglik[141]     1.0019464  1.0082685
loglik[142]     0.9999568  1.0020917
loglik[143]     1.0015455  1.0029089
loglik[144]     1.0045565  1.0121229
loglik[145]     1.0010691  1.0047330
loglik[146]     1.0006019  1.0045334
loglik[147]     1.0049469  1.0088898
loglik[148]     1.0063175  1.0109493
loglik[149]     0.9997680  1.0016812
loglik[150]     1.0019829  1.0046119
loglik[151]     1.0023609  1.0089494
loglik[152]     1.0162718  1.0590170
loglik[153]     0.9998497  1.0020837
loglik[154]     1.0015746  1.0076308
p.fac1[1,1]     1.0342886  1.0547424
p.fac1[2,1]     1.0053579  1.0136872
p.fac1[3,1]     0.9993794  1.0003720
p.fac1[4,1]     1.0060542  1.0130782
p.fac1[5,1]     0.9999404  1.0003641
p.fac1[6,1]     1.0248861  1.0424547
p.fac1[7,1]     1.0002764  1.0033072
p.fac1[8,1]     1.0333318  1.0477908
p.fac1[9,1]     1.0245016  1.0831153
p.fac1[10,1]    1.0058648  1.0132190
p.fac1[11,1]    1.0155815  1.0576532
p.fac1[12,1]    1.0071561  1.0262842
p.fac1[13,1]    1.0004375  1.0018998
p.fac1[14,1]    1.0106481  1.0403519
p.fac1[15,1]    1.0041533  1.0172381
p.fac1[16,1]    1.0009251  1.0026927
p.fac1[17,1]    1.0229688  1.0446972
p.fac1[18,1]    1.0013548  1.0039804
p.fac1[19,1]    1.0233146  1.0832897
p.fac1[20,1]    1.0019101  1.0038174
 [ reached getOption("max.print") -- omitted 367 rows ]

################################################################################
# Geweke Diagnostic
################################################################################

The Geweke diagnostic is a standard z-score, so we'd expect 5% to be outside +/-1.96
Number of variables outside +/-1.96 in each chain (out of 
867
):


       Chain 1 Chain 2 Chain 3
Geweke     257     254     383


And here are the Geweke diagnostics for all variables:

               chain1 chain2 chain3
deviance       -1.136 -0.972  2.583
fac1.sig        2.578  1.677 -3.403
ilr.fac1[1,1]   2.564  3.309 -3.585
ilr.fac1[2,1]   0.685  0.263  1.859
ilr.fac1[3,1]  -0.087  1.652 -0.395
ilr.fac1[4,1]   7.015  0.314 -4.199
ilr.fac1[5,1]  -0.237  0.662  4.582
ilr.fac1[6,1]   2.283  2.834 -4.895
ilr.fac1[7,1]   1.425  1.120  0.321
ilr.fac1[8,1]  -1.444 -1.588  1.723
ilr.fac1[9,1]   1.083  1.344 -1.694
ilr.fac1[10,1] -0.402 -1.263  3.762
ilr.fac1[11,1]  0.209  0.428 -1.807
ilr.fac1[12,1] -0.310 -0.913 -2.696
ilr.fac1[13,1]  0.013 -0.674  2.481
ilr.fac1[14,1] -0.142  1.157 -1.399
ilr.fac1[15,1]  1.024 -1.096 -1.263
ilr.fac1[16,1] -1.985 -1.303  5.585
ilr.fac1[17,1]  0.622  1.270  0.635
ilr.fac1[18,1] -2.186 -1.055  0.883
ilr.fac1[19,1] -0.628  1.972 -2.692
ilr.fac1[20,1] -2.376 -1.273  3.908
ilr.fac1[21,1] -0.964 -1.877  1.481
ilr.fac1[22,1] -0.746 -0.565 -0.443
ilr.fac1[23,1] -1.052 -1.474  2.422
ilr.fac1[24,1] -0.051  0.977 -1.548
ilr.fac1[25,1]  0.405  2.637 -4.219
ilr.fac1[26,1] -0.426 -1.183 -1.301
ilr.fac1[27,1] -0.136  0.055 -2.566
ilr.fac1[28,1]  0.300  1.631 -2.941
ilr.fac1[29,1] -2.831 -1.686  0.385
ilr.fac1[30,1]  3.136  2.848 -2.356
ilr.fac1[31,1]  0.017 -1.853 -0.501
ilr.fac1[32,1]  0.966  1.417  1.848
ilr.fac1[33,1] -0.078  0.668  5.216
ilr.fac1[34,1] -1.245 -0.626 -1.897
ilr.fac1[35,1]  0.183 -0.828 -2.811
ilr.fac1[36,1] -0.218 -2.317  0.220
ilr.fac1[37,1]  0.499  1.908  0.324
ilr.fac1[38,1] -0.542 -1.311 -1.129
ilr.fac1[39,1]  1.941  1.655 -1.134
ilr.fac1[40,1] -0.824 -2.300  6.837
ilr.fac1[41,1] -0.221 -1.105  2.169
ilr.fac1[42,1]  1.131  1.532 -0.895
ilr.fac1[43,1] -0.941  0.324 -2.242
ilr.fac1[44,1] -0.478 -2.146  3.700
ilr.fac1[45,1] -0.578  1.064  0.043
ilr.fac1[46,1] -0.228 -1.403  0.952
ilr.fac1[47,1] -1.844 -0.815  4.486
ilr.fac1[48,1] -0.872 -0.328  3.707
ilr.fac1[49,1] -1.843 -0.883  4.544
ilr.fac1[50,1]  1.629  4.025 -2.235
ilr.fac1[51,1]  1.234  2.117 -3.859
ilr.fac1[52,1]  0.212  0.185  0.609
ilr.fac1[53,1] -0.288 -1.699 -0.617
ilr.fac1[54,1]  2.604  3.329 -3.068
ilr.fac1[1,2]   0.004  0.309 -0.458
ilr.fac1[2,2]  -0.519 -0.028 -0.486
ilr.fac1[3,2]  -1.051 -0.114 -0.811
ilr.fac1[4,2]  -1.381 -1.672  1.771
ilr.fac1[5,2]   0.834  0.996 -0.660
ilr.fac1[6,2]  -1.001  0.415  1.656
ilr.fac1[7,2]   0.006 -1.032 -0.619
ilr.fac1[8,2]   1.960 -0.250 -0.898
ilr.fac1[9,2]  -1.346  0.408  1.202
ilr.fac1[10,2]  1.350  0.193  0.418
ilr.fac1[11,2] -3.019 -0.386 -0.841
ilr.fac1[12,2] -0.396 -1.239 -2.874
ilr.fac1[13,2]  3.537  1.301  0.575
ilr.fac1[14,2] -0.746 -1.022 -2.208
ilr.fac1[15,2]  2.659 -1.244 -1.309
ilr.fac1[16,2]  1.826  1.887 -1.662
ilr.fac1[17,2]  0.948 -1.271  1.654
ilr.fac1[18,2] -1.624 -0.405  0.125
ilr.fac1[19,2]  0.831 -0.250 -1.541
ilr.fac1[20,2]  2.599  0.801 -1.287
ilr.fac1[21,2]  1.175  1.417  0.454
ilr.fac1[22,2]  1.762  0.359  0.052
ilr.fac1[23,2]  0.989 -1.028 -1.491
ilr.fac1[24,2] -3.078  0.588  1.139
ilr.fac1[25,2] -2.104 -0.789  2.338
ilr.fac1[26,2] -3.188 -1.845  5.344
ilr.fac1[27,2]  0.742  0.036 -2.110
ilr.fac1[28,2] -2.376 -0.541  2.528
ilr.fac1[29,2]  1.279 -0.809 -0.569
ilr.fac1[30,2]  0.239 -0.859  3.009
ilr.fac1[31,2]  1.112 -1.927 -1.687
ilr.fac1[32,2] -0.721 -1.274  3.210
ilr.fac1[33,2]  1.633  0.069 -1.094
ilr.fac1[34,2] -0.568 -0.947 -4.098
ilr.fac1[35,2]  0.308 -0.706 -1.873
ilr.fac1[36,2]  0.261 -2.193 -1.597
ilr.fac1[37,2]  0.940  0.715 -0.227
ilr.fac1[38,2] -1.203 -1.043 -2.561
ilr.fac1[39,2]  0.043  1.377  1.000
ilr.fac1[40,2] -1.341 -0.732  0.659
ilr.fac1[41,2]  0.048  0.736  0.063
ilr.fac1[42,2] -0.414 -1.467 -0.011
ilr.fac1[43,2] -2.951 -0.945  2.466
ilr.fac1[44,2]  2.248  0.114 -1.232
ilr.fac1[45,2] -0.285 -1.013 -0.038
ilr.fac1[46,2]  0.707  0.048 -0.495
ilr.fac1[47,2]  1.547  0.837 -1.640
ilr.fac1[48,2]  0.192  1.673 -1.685
ilr.fac1[49,2]  2.314  2.475 -2.975
ilr.fac1[50,2] -1.133  1.506  0.387
ilr.fac1[51,2]  3.297 -0.277  0.495
ilr.fac1[52,2] -0.987 -0.694  5.400
ilr.fac1[53,2] -0.951 -0.780 -2.636
ilr.fac1[54,2]  0.371  1.169  0.327
ilr.fac1[1,3]  -2.278 -3.226  3.604
ilr.fac1[2,3]  -0.435  0.427  1.950
ilr.fac1[3,3]  -1.411 -1.698  2.142
ilr.fac1[4,3]  -1.249 -1.465  1.593
ilr.fac1[5,3]  -2.596 -0.909  1.914
ilr.fac1[6,3]  -0.553 -1.065  2.324
ilr.fac1[7,3]  -1.313  0.250  2.363
ilr.fac1[8,3]   1.511 -1.495  0.673
ilr.fac1[9,3]   0.865  0.772 -3.341
ilr.fac1[10,3]  1.834 -0.251 -0.930
ilr.fac1[11,3]  4.347 -0.155 -3.758
ilr.fac1[12,3] -0.172  0.670 -1.470
ilr.fac1[13,3]  0.484 -1.439  0.865
ilr.fac1[14,3]  1.283  0.006 -4.215
ilr.fac1[15,3]  0.862  0.620  0.443
ilr.fac1[16,3]  4.348  1.997 -3.432
ilr.fac1[17,3] -1.396 -2.123  2.389
ilr.fac1[18,3]  1.193 -0.991 -0.266
ilr.fac1[19,3]  1.081  2.165 -3.615
ilr.fac1[20,3]  1.161  3.378 -3.110
ilr.fac1[21,3] -1.455  0.650  2.659
ilr.fac1[22,3] -0.214  0.099  1.890
ilr.fac1[23,3] -0.433 -1.131  2.584
ilr.fac1[24,3]  0.286  1.250 -5.564
ilr.fac1[25,3] -0.415 -0.340  0.167
ilr.fac1[26,3]  2.099  2.126 -3.919
ilr.fac1[27,3]  1.479  0.121 -5.348
ilr.fac1[28,3]  2.243 -0.342 -0.943
ilr.fac1[29,3]  1.542  1.934 -0.726
ilr.fac1[30,3] -3.571  0.421  4.598
ilr.fac1[31,3] -0.392  0.326  0.116
ilr.fac1[32,3]  0.209  0.153 -1.154
ilr.fac1[33,3]  0.134  1.500  0.513
ilr.fac1[34,3]  0.705  1.413 -3.332
ilr.fac1[35,3]  1.520  2.136 -1.530
ilr.fac1[36,3]  0.365  2.113 -1.596
ilr.fac1[37,3] -2.159 -1.353  3.519
ilr.fac1[38,3] -0.506  1.235 -0.130
ilr.fac1[39,3] -2.236  0.984  2.772
ilr.fac1[40,3]  0.083  0.181 -0.202
ilr.fac1[41,3] -1.016  1.043  2.182
ilr.fac1[42,3] -2.237 -0.019  1.885
ilr.fac1[43,3]  0.177  1.424 -3.189
ilr.fac1[44,3] -0.348  2.187  1.863
ilr.fac1[45,3]  0.087  2.674 -1.509
ilr.fac1[46,3]  0.858 -0.263 -1.976
ilr.fac1[47,3]  1.193  3.139 -2.659
ilr.fac1[48,3] -1.564 -0.032  1.671
ilr.fac1[49,3]  1.485  2.197 -1.041
ilr.fac1[50,3]  0.368  0.849 -1.112
ilr.fac1[51,3]  0.218 -0.247  1.675
ilr.fac1[52,3]  1.307  2.218 -2.155
ilr.fac1[53,3]  1.588 -0.894 -3.218
ilr.fac1[54,3] -1.900 -2.129  2.102
ilr.fac1[1,4]  -3.050 -0.860  1.458
ilr.fac1[2,4]  -0.029 -1.703  0.167
ilr.fac1[3,4]   0.545 -0.465  1.743
ilr.fac1[4,4]   0.675 -0.651  1.398
ilr.fac1[5,4]  -0.944 -0.173 -1.106
ilr.fac1[6,4]   0.989 -1.796  3.263
ilr.fac1[7,4]  -1.253  0.305  2.035
ilr.fac1[8,4]  -0.615 -1.461 -2.421
ilr.fac1[9,4]   1.884 -1.542 -1.312
ilr.fac1[10,4] -1.756 -2.306  2.802
ilr.fac1[11,4]  1.434  1.459 -3.658
ilr.fac1[12,4] -0.404 -0.328 -2.841
ilr.fac1[13,4]  0.130 -1.601  1.107
ilr.fac1[14,4] -0.712 -0.977 -2.447
ilr.fac1[15,4]  0.127  1.453 -1.775
ilr.fac1[16,4]  3.733  0.922 -1.162
ilr.fac1[17,4] -1.706  0.697  1.056
ilr.fac1[18,4]  0.059 -1.981  0.043
ilr.fac1[19,4] -1.974 -0.861 -4.361
ilr.fac1[20,4] -1.547 -2.194  1.362
ilr.fac1[21,4] -0.742  0.546  0.232
ilr.fac1[22,4] -2.415  0.587  0.005
ilr.fac1[23,4] -1.288  1.716  0.595
ilr.fac1[24,4]  2.010 -1.088 -2.808
ilr.fac1[25,4] -0.711 -2.589  1.611
ilr.fac1[26,4] -0.037  0.889 -2.559
ilr.fac1[27,4]  1.278  1.680 -1.623
ilr.fac1[28,4]  2.453 -0.379  0.223
ilr.fac1[29,4] -0.410  0.008  0.976
ilr.fac1[30,4] -2.623  1.091  5.081
ilr.fac1[31,4] -0.242  0.563 -0.264
ilr.fac1[32,4] -0.829 -0.237  1.769
ilr.fac1[33,4]  0.479  0.910  1.368
ilr.fac1[34,4] -0.505 -0.884 -1.043
ilr.fac1[35,4]  0.709 -0.559 -1.697
ilr.fac1[36,4]  0.092 -1.361  0.098
ilr.fac1[37,4] -1.480 -1.115  1.930
ilr.fac1[38,4] -3.302 -0.517 -0.575
ilr.fac1[39,4] -2.781 -0.175  0.445
ilr.fac1[40,4] -0.469 -1.053  1.971
ilr.fac1[41,4]  0.807 -0.311 -1.700
ilr.fac1[42,4] -1.023  0.553  1.017
ilr.fac1[43,4]  1.252 -0.942 -1.319
ilr.fac1[44,4]  0.969  1.159 -0.797
ilr.fac1[45,4] -1.236 -1.051  3.819
ilr.fac1[46,4] -1.352 -2.340  2.204
ilr.fac1[47,4] -0.220  0.031  0.421
ilr.fac1[48,4] -1.188 -1.817 -0.148
ilr.fac1[49,4] -2.145 -0.785 -0.526
ilr.fac1[50,4] -0.269  0.150  2.175
ilr.fac1[51,4] -2.027  0.466  1.447
ilr.fac1[52,4] -0.436 -0.768  1.700
ilr.fac1[53,4]  0.613 -1.879  0.955
ilr.fac1[54,4]  1.220  0.391  2.224
ilr.fac1[1,5]  -1.902 -0.837  5.558
ilr.fac1[2,5]   0.455  0.672  0.096
ilr.fac1[3,5]  -0.547 -1.631  2.322
ilr.fac1[4,5]  -3.818 -2.365  4.428
ilr.fac1[5,5]   1.833  0.478 -1.584
ilr.fac1[6,5]  -2.181 -2.186  3.547
ilr.fac1[7,5]  -2.320  1.383  0.576
ilr.fac1[8,5]  -2.179 -0.860  1.730
ilr.fac1[9,5]  -0.643  2.575 -2.186
ilr.fac1[10,5]  0.123 -0.965  1.455
ilr.fac1[11,5] -1.626  1.481 -0.824
ilr.fac1[12,5] -0.873 -1.321 -0.905
ilr.fac1[13,5]  2.262  3.595 -2.199
ilr.fac1[14,5] -0.009  1.731 -0.943
ilr.fac1[15,5]  0.691 -3.456 -0.854
ilr.fac1[16,5]  2.631  1.308 -0.855
ilr.fac1[17,5] -1.269  0.579  4.704
ilr.fac1[18,5] -3.961 -0.628  1.658
ilr.fac1[19,5]  2.725 -1.020 -2.474
ilr.fac1[20,5]  1.680  2.041 -2.801
ilr.fac1[21,5] -0.635 -0.809 -1.486
ilr.fac1[22,5]  0.233 -0.080 -2.758
ilr.fac1[23,5]  0.108 -1.024  0.528
ilr.fac1[24,5] -0.391  3.367 -2.117
ilr.fac1[25,5]  0.788 -0.089  1.015
ilr.fac1[26,5]  2.287  1.393 -0.611
ilr.fac1[27,5]  1.372  0.051 -0.979
ilr.fac1[28,5] -1.556  2.368 -3.076
ilr.fac1[29,5] -2.196 -2.658  1.469
ilr.fac1[30,5] -1.526 -0.140  2.421
ilr.fac1[31,5] -1.799 -2.378  2.329
ilr.fac1[32,5]  0.649  2.205 -1.557
ilr.fac1[33,5]  1.798  1.478 -2.159
ilr.fac1[34,5] -4.162 -0.489  2.897
ilr.fac1[35,5]  0.436 -0.307 -1.044
ilr.fac1[36,5] -2.310 -2.459  1.142
ilr.fac1[37,5]  0.727 -0.104  1.661
ilr.fac1[38,5] -4.245 -1.130  1.149
ilr.fac1[39,5] -1.362  1.844  0.990
ilr.fac1[40,5]  2.935  1.855 -2.455
ilr.fac1[41,5] -1.542 -1.154  1.571
ilr.fac1[42,5] -0.386 -0.473 -0.067
ilr.fac1[43,5]  0.404  3.259 -2.673
ilr.fac1[44,5] -0.790  0.215 -0.973
ilr.fac1[45,5]  0.745 -0.738 -1.962
ilr.fac1[46,5] -0.160 -1.369  0.615
ilr.fac1[47,5]  0.296  0.945 -4.061
ilr.fac1[48,5]  1.193 -0.122 -1.828
ilr.fac1[49,5]  0.252  0.214 -1.345
ilr.fac1[50,5] -1.108  0.217  2.034
ilr.fac1[51,5] -1.242  2.447  2.829
ilr.fac1[52,5] -0.424  1.152 -1.283
ilr.fac1[53,5] -1.765 -0.800  1.885
ilr.fac1[54,5] -1.093 -0.125  3.414
ilr.fac1[1,6]  -2.296 -2.680  3.596
ilr.fac1[2,6]  -0.955 -2.051  5.413
ilr.fac1[3,6]  -2.762 -2.535  6.479
ilr.fac1[4,6]  -2.701 -2.953  5.015
ilr.fac1[5,6]  -0.083  2.569 -3.588
ilr.fac1[6,6]  -2.686 -2.371  5.639
ilr.fac1[7,6]  -2.786 -2.098  3.036
ilr.fac1[8,6]   2.537  2.690 -4.302
ilr.fac1[9,6]   2.861  2.964 -3.108
ilr.fac1[10,6]  3.303  4.151 -5.848
ilr.fac1[11,6]  3.032  3.562 -4.091
ilr.fac1[12,6]  4.213  1.809 -4.592
ilr.fac1[13,6] -2.217 -4.881  5.303
ilr.fac1[14,6]  2.599  3.054 -3.750
ilr.fac1[15,6]  1.721 -0.336 -5.045
ilr.fac1[16,6]  2.243  0.804 -1.686
ilr.fac1[17,6] -2.603 -2.224  6.438
ilr.fac1[18,6]  1.301  2.680 -2.515
ilr.fac1[19,6]  1.649  0.240 -1.109
ilr.fac1[20,6] -3.026 -2.977  3.592
ilr.fac1[21,6]  3.156  2.029 -6.505
ilr.fac1[22,6]  3.639  3.212 -3.347
ilr.fac1[23,6]  3.679  2.273 -4.645
ilr.fac1[24,6]  3.836  3.936 -4.745
ilr.fac1[25,6] -2.187 -3.381  5.575
ilr.fac1[26,6]  3.203  2.460 -2.341
ilr.fac1[27,6]  2.744  2.341 -4.552
ilr.fac1[28,6]  3.823  1.869 -5.173
ilr.fac1[29,6]  1.547  0.443 -2.026
ilr.fac1[30,6] -2.596 -1.797  3.950
ilr.fac1[31,6]  0.295 -0.570 -1.745
ilr.fac1[32,6] -0.736 -0.429  0.727
ilr.fac1[33,6] -2.811 -2.264  3.386
ilr.fac1[34,6]  1.906  0.521 -3.587
ilr.fac1[35,6]  2.451  3.061 -4.812
ilr.fac1[36,6]  0.972  0.144 -2.279
ilr.fac1[37,6] -2.655 -3.137  4.956
ilr.fac1[38,6]  2.044  0.958 -3.902
ilr.fac1[39,6] -2.984 -2.082  4.779
ilr.fac1[40,6] -1.459 -1.465  3.137
ilr.fac1[41,6]  2.208  0.621 -3.252
ilr.fac1[42,6] -2.477 -2.893  5.028
ilr.fac1[43,6]  3.483  3.811 -1.626
ilr.fac1[44,6]  1.018  2.694 -2.982
ilr.fac1[45,6]  4.227  2.055 -6.844
ilr.fac1[46,6]  2.434  2.439 -6.598
ilr.fac1[47,6]  1.927  0.096 -0.762
ilr.fac1[48,6] -2.283 -1.449  2.250
ilr.fac1[49,6] -1.340 -0.064 -2.613
ilr.fac1[50,6] -2.334 -1.900  3.727
ilr.fac1[51,6] -1.732 -2.410  4.976
ilr.fac1[52,6]  2.602  2.811 -3.996
ilr.fac1[53,6]  2.833  1.367 -6.694
ilr.fac1[54,6] -2.568 -2.404  4.526
loglik[1]       1.412  2.561 -4.643
loglik[2]       1.286  1.691 -1.479
loglik[3]      -1.323 -2.245  1.275
loglik[4]      -0.677  0.092 -0.260
loglik[5]       2.124 -0.396 -0.602
loglik[6]       1.823  1.828 -1.208
loglik[7]      -0.274 -0.552  1.649
 [ reached 'max' / getOption("max.print") -- omitted 534 rows ]
