
#################################################################
# Summary Statistics
#################################################################

DIC = 144.1175

               Mean    SD  2.5%    5%   25%   50%   75%   95% 97.5%
Epsilon.1     0.039 0.009 0.024 0.026 0.032 0.038 0.045 0.056 0.059
Epsilon.2     0.024 0.006 0.014 0.015 0.019 0.024 0.028 0.035 0.037
Individual.SD 2.207 0.714 1.355 1.435 1.692 1.956 2.556 3.759 3.984
p.global.P01  0.093 0.069 0.019 0.021 0.036 0.072 0.134 0.230 0.256
p.global.P02  0.301 0.168 0.017 0.048 0.143 0.327 0.450 0.534 0.555
p.global.P03  0.085 0.063 0.018 0.022 0.040 0.065 0.111 0.228 0.266
p.global.P04  0.078 0.045 0.015 0.019 0.045 0.068 0.103 0.166 0.184
p.global.P05  0.031 0.019 0.005 0.008 0.018 0.027 0.038 0.072 0.084
p.global.P06  0.250 0.149 0.057 0.067 0.141 0.209 0.323 0.532 0.647
p.global.P07  0.163 0.107 0.024 0.030 0.070 0.150 0.219 0.376 0.397
p.G01.P01     0.023 0.036 0.000 0.000 0.002 0.008 0.028 0.099 0.133
p.G02.P01     0.063 0.084 0.000 0.000 0.005 0.025 0.091 0.258 0.305
p.G03.P01     0.097 0.134 0.000 0.000 0.006 0.031 0.135 0.402 0.467
p.G04.P01     0.064 0.099 0.000 0.000 0.003 0.018 0.080 0.297 0.354
p.G05.P01     0.023 0.037 0.000 0.000 0.002 0.009 0.028 0.098 0.133
p.G06.P01     0.026 0.044 0.000 0.000 0.002 0.009 0.029 0.114 0.162
p.G07.P01     0.019 0.030 0.000 0.000 0.001 0.006 0.022 0.079 0.104
p.G08.P01     0.043 0.112 0.000 0.000 0.002 0.010 0.034 0.176 0.303
p.G09.P01     0.306 0.350 0.001 0.001 0.014 0.099 0.630 0.958 0.987
p.G10.P01     0.051 0.095 0.000 0.000 0.003 0.015 0.055 0.227 0.322
p.G11.P01     0.387 0.373 0.001 0.002 0.021 0.249 0.771 0.968 0.989
p.G12.P01     0.416 0.399 0.000 0.001 0.016 0.284 0.836 0.982 0.993
p.G13.P01     0.036 0.054 0.000 0.000 0.003 0.012 0.044 0.159 0.200
p.G14.P01     0.303 0.311 0.001 0.002 0.027 0.165 0.550 0.902 0.960
p.G15.P01     0.377 0.371 0.001 0.001 0.016 0.206 0.754 0.955 0.981
p.G16.P01     0.009 0.015 0.000 0.000 0.001 0.003 0.010 0.036 0.050
p.G17.P01     0.042 0.061 0.000 0.000 0.003 0.015 0.054 0.183 0.223
p.G18.P01     0.080 0.125 0.000 0.000 0.004 0.024 0.099 0.356 0.445
p.G19.P01     0.343 0.339 0.000 0.001 0.014 0.177 0.670 0.875 0.939
p.G20.P01     0.016 0.026 0.000 0.000 0.001 0.005 0.020 0.067 0.095
p.G21.P01     0.044 0.070 0.000 0.000 0.004 0.015 0.051 0.196 0.260
p.G22.P01     0.048 0.072 0.000 0.000 0.003 0.016 0.059 0.206 0.263
p.G23.P01     0.059 0.095 0.000 0.000 0.004 0.020 0.067 0.265 0.335
p.G24.P01     0.259 0.315 0.001 0.001 0.014 0.083 0.474 0.922 0.970
p.G25.P01     0.058 0.088 0.000 0.000 0.005 0.021 0.073 0.248 0.340
p.G26.P01     0.064 0.154 0.000 0.000 0.002 0.011 0.047 0.339 0.685
p.G27.P01     0.326 0.347 0.001 0.001 0.022 0.147 0.646 0.963 0.987
p.G28.P01     0.208 0.240 0.001 0.002 0.020 0.103 0.334 0.731 0.880
p.G29.P01     0.160 0.206 0.000 0.001 0.011 0.059 0.243 0.617 0.708
p.G30.P01     0.009 0.015 0.000 0.000 0.001 0.003 0.011 0.039 0.052
p.G31.P01     0.129 0.193 0.000 0.001 0.008 0.040 0.164 0.592 0.719
p.G32.P01     0.070 0.107 0.000 0.000 0.005 0.025 0.092 0.282 0.378
p.G33.P01     0.062 0.082 0.000 0.000 0.005 0.025 0.086 0.245 0.293
p.G35.P01     0.179 0.239 0.000 0.001 0.011 0.057 0.275 0.739 0.846
p.G36.P01     0.277 0.302 0.000 0.001 0.022 0.148 0.483 0.905 0.960
p.G37.P01     0.079 0.129 0.000 0.000 0.004 0.021 0.094 0.362 0.466
p.G38.P01     0.036 0.055 0.000 0.000 0.003 0.013 0.044 0.156 0.203
p.G39.P01     0.084 0.145 0.000 0.000 0.004 0.020 0.089 0.394 0.525
p.G40.P01     0.020 0.032 0.000 0.000 0.002 0.007 0.024 0.088 0.113
p.G41.P01     0.047 0.070 0.000 0.000 0.003 0.016 0.059 0.206 0.257
p.G42.P01     0.088 0.140 0.000 0.000 0.006 0.029 0.109 0.375 0.521
p.G43.P01     0.073 0.095 0.000 0.000 0.006 0.030 0.100 0.290 0.344
p.G44.P01     0.148 0.199 0.000 0.001 0.009 0.055 0.212 0.594 0.698
p.G45.P01     0.052 0.081 0.000 0.000 0.004 0.018 0.061 0.222 0.312
p.G46.P01     0.188 0.239 0.000 0.001 0.015 0.074 0.282 0.733 0.867
p.G47.P01     0.087 0.143 0.000 0.000 0.005 0.026 0.104 0.400 0.526
p.G48.P01     0.013 0.022 0.000 0.000 0.001 0.004 0.014 0.057 0.080
p.G49.P01     0.090 0.109 0.000 0.001 0.009 0.038 0.140 0.324 0.380
p.G50.P01     0.039 0.060 0.000 0.000 0.003 0.014 0.047 0.172 0.228
p.G51.P01     0.072 0.101 0.000 0.000 0.006 0.026 0.097 0.307 0.370
p.G52.P01     0.054 0.079 0.000 0.000 0.004 0.019 0.069 0.231 0.290
p.G53.P01     0.111 0.145 0.000 0.001 0.010 0.045 0.160 0.416 0.506
p.G54.P01     0.070 0.134 0.000 0.000 0.003 0.018 0.070 0.322 0.493
p.G55.P01     0.047 0.069 0.000 0.000 0.004 0.017 0.059 0.198 0.249
p.G01.P02     0.369 0.326 0.000 0.000 0.007 0.476 0.663 0.824 0.861
p.G02.P02     0.431 0.277 0.000 0.001 0.116 0.538 0.656 0.763 0.795
p.G03.P02     0.389 0.248 0.000 0.001 0.127 0.470 0.584 0.711 0.754
p.G04.P02     0.349 0.293 0.000 0.000 0.013 0.452 0.611 0.747 0.778
p.G05.P02     0.132 0.147 0.000 0.000 0.015 0.084 0.207 0.402 0.507
p.G06.P02     0.339 0.316 0.000 0.000 0.006 0.389 0.640 0.791 0.820
p.G07.P02     0.522 0.368 0.000 0.000 0.077 0.710 0.844 0.945 0.965
p.G08.P02     0.088 0.101 0.000 0.000 0.008 0.048 0.142 0.304 0.349
p.G09.P02     0.073 0.094 0.000 0.000 0.007 0.037 0.102 0.280 0.358
p.G10.P02     0.038 0.045 0.000 0.000 0.004 0.021 0.055 0.133 0.164
p.G11.P02     0.074 0.095 0.000 0.000 0.007 0.038 0.104 0.281 0.357
p.G12.P02     0.048 0.066 0.000 0.000 0.003 0.020 0.064 0.193 0.246
p.G13.P02     0.578 0.280 0.001 0.004 0.442 0.681 0.778 0.883 0.912
p.G14.P02     0.106 0.103 0.000 0.000 0.016 0.074 0.173 0.307 0.347
p.G15.P02     0.094 0.107 0.000 0.000 0.008 0.049 0.149 0.322 0.365
p.G16.P02     0.886 0.184 0.007 0.671 0.878 0.938 0.972 0.995 0.998
p.G17.P02     0.432 0.305 0.000 0.000 0.067 0.550 0.692 0.821 0.850
p.G18.P02     0.067 0.077 0.000 0.000 0.006 0.037 0.104 0.231 0.266
p.G19.P02     0.132 0.148 0.000 0.000 0.011 0.074 0.210 0.447 0.528
p.G20.P02     0.731 0.241 0.005 0.129 0.630 0.808 0.901 0.971 0.985
p.G21.P02     0.062 0.102 0.000 0.000 0.006 0.025 0.069 0.278 0.442
p.G22.P02     0.056 0.079 0.000 0.000 0.006 0.027 0.079 0.199 0.267
p.G23.P02     0.106 0.126 0.000 0.000 0.014 0.055 0.155 0.395 0.447
p.G24.P02     0.114 0.136 0.000 0.000 0.013 0.061 0.165 0.429 0.495
p.G25.P02     0.299 0.239 0.000 0.000 0.024 0.337 0.502 0.671 0.715
p.G26.P02     0.049 0.096 0.000 0.000 0.003 0.017 0.050 0.208 0.438
p.G27.P02     0.066 0.078 0.000 0.000 0.007 0.036 0.099 0.237 0.279
p.G28.P02     0.110 0.115 0.000 0.000 0.017 0.069 0.172 0.355 0.409
p.G29.P02     0.159 0.135 0.000 0.000 0.032 0.133 0.262 0.409 0.440
p.G30.P02     0.493 0.426 0.000 0.000 0.005 0.724 0.903 0.977 0.987
p.G31.P02     0.116 0.109 0.000 0.001 0.018 0.086 0.195 0.322 0.362
p.G32.P02     0.187 0.155 0.000 0.001 0.036 0.171 0.296 0.473 0.522
p.G33.P02     0.516 0.234 0.001 0.006 0.422 0.582 0.682 0.793 0.828
p.G35.P02     0.105 0.104 0.000 0.000 0.013 0.072 0.173 0.308 0.350
p.G36.P02     0.089 0.090 0.000 0.000 0.013 0.060 0.140 0.268 0.325
p.G37.P02     0.061 0.073 0.000 0.000 0.005 0.031 0.093 0.213 0.256
p.G38.P02     0.452 0.323 0.000 0.000 0.061 0.596 0.730 0.854 0.883
p.G39.P02     0.071 0.081 0.000 0.000 0.007 0.037 0.111 0.238 0.282
p.G40.P02     0.492 0.374 0.000 0.000 0.032 0.671 0.831 0.937 0.964
p.G41.P02     0.590 0.264 0.000 0.002 0.535 0.679 0.763 0.866 0.903
p.G42.P02     0.143 0.126 0.000 0.001 0.024 0.117 0.236 0.376 0.413
p.G43.P02     0.383 0.257 0.000 0.001 0.095 0.466 0.593 0.721 0.755
p.G44.P02     0.181 0.163 0.000 0.001 0.037 0.148 0.279 0.496 0.577
p.G45.P02     0.213 0.198 0.000 0.001 0.034 0.157 0.341 0.599 0.646
p.G46.P02     0.098 0.102 0.000 0.000 0.015 0.062 0.159 0.308 0.351
p.G47.P02     0.045 0.052 0.000 0.000 0.006 0.025 0.066 0.154 0.190
p.G48.P02     0.859 0.191 0.011 0.580 0.836 0.913 0.963 0.993 0.997
 [ reached getOption("max.print") -- omitted 277 rows ]
